mass,mass_balance,mass_balance_trend
0.0000,0.0000,0.0000
0.1404,0.1404,0.0702
0.2787,0.1383,0.0929
0.4150,0.1363,0.1038
0.5495,0.1345,0.1099
0.6821,0.1326,0.1137
0.8126,0.1306,0.1161
0.9410,0.1283,0.1176
1.0668,0.1258,0.1185
1.1896,0.1228,0.1190
1.3088,0.1192,0.1190
1.4236,0.1148,0.1186
1.5337,0.1101,0.1180
1.6386,0.1049,0.1170
1.7378,0.0992,0.1159
1.8316,0.0938,0.1145
1.9193,0.0877,0.1129
2.0026,0.0833,0.1113
2.0812,0.0786,0.1095
2.1546,0.0735,0.1077
2.2237,0.0690,0.1059
2.2886,0.0649,0.1040
2.3500,0.0614,0.1022
2.4082,0.0581,0.1003
2.4629,0.0548,0.0985
2.5146,0.0517,0.0967
2.5633,0.0488,0.0949
2.6098,0.0465,0.0932
2.6540,0.0442,0.0915
2.6955,0.0414,0.0898
2.7352,0.0397,0.0882
2.7733,0.0381,0.0867
2.8093,0.0361,0.0851
2.8437,0.0344,0.0836
2.8757,0.0320,0.0822
2.9078,0.0321,0.0808
2.9390,0.0312,0.0794
2.9689,0.0299,0.0781
2.9977,0.0287,0.0769
3.0256,0.0279,0.0756
3.0526,0.0270,0.0745
3.0783,0.0257,0.0733
3.1033,0.0250,0.0722
3.1276,0.0243,0.0711
3.1512,0.0236,0.0700
3.1742,0.0230,0.0690
3.1969,0.0227,0.0680
3.2194,0.0225,0.0671
3.2412,0.0218,0.0661
3.2628,0.0216,0.0653
3.2837,0.0210,0.0644
3.3044,0.0207,0.0635
3.3241,0.0196,0.0627
3.3442,0.0201,0.0619
3.3635,0.0193,0.0612
3.3818,0.0182,0.0604
3.3998,0.0180,0.0596
3.4172,0.0174,0.0589
3.4346,0.0174,0.0582
3.4508,0.0162,0.0575
3.4673,0.0164,0.0568
3.4832,0.0159,0.0562
3.4990,0.0158,0.0555
3.5141,0.0151,0.0549
3.5296,0.0154,0.0543
3.5443,0.0147,0.0537
3.5599,0.0156,0.0531
3.5738,0.0140,0.0526
3.5889,0.0151,0.0520
3.6031,0.0142,0.0515
3.6172,0.0141,0.0509
3.6310,0.0138,0.0504
3.6450,0.0140,0.0499
3.6580,0.0130,0.0494
3.6709,0.0129,0.0489
3.6835,0.0126,0.0485
3.6964,0.0129,0.0480
3.7080,0.0116,0.0475
3.7198,0.0118,0.0471
3.7317,0.0119,0.0466
3.7432,0.0115,0.0462
3.7538,0.0106,0.0458
3.7653,0.0116,0.0454
3.7761,0.0108,0.0450
3.7871,0.0110,0.0446
3.7970,0.0099,0.0442
3.8068,0.0098,0.0438
3.8164,0.0095,0.0434
3.8266,0.0102,0.0430
3.8352,0.0086,0.0426
3.8449,0.0096,0.0423
3.8541,0.0092,0.0419
3.8640,0.0099,0.0415
3.8730,0.0090,0.0412
3.8823,0.0093,0.0409
3.8907,0.0083,0.0405
3.8995,0.0089,0.0402
3.9077,0.0081,0.0399
3.9159,0.0083,0.0396
3.9232,0.0073,0.0392
3.9313,0.0081,0.0393
3.9379,0.0067,0.0380
3.9458,0.0078,0.0367
3.9525,0.0068,0.0354
3.9598,0.0073,0.0341
3.9668,0.0070,0.0328
3.9740,0.0072,0.0316
3.9810,0.0069,0.0304
3.9886,0.0076,0.0292
3.9954,0.0068,0.0281
4.0021,0.0067,0.0269
4.0078,0.0057,0.0258
4.0143,0.0065,0.0248
4.0195,0.0052,0.0238
4.0249,0.0054,0.0229
4.0305,0.0056,0.0220
4.0364,0.0059,0.0212
4.0421,0.0057,0.0204
4.0475,0.0054,0.0197
4.0529,0.0054,0.0190
4.0582,0.0054,0.0183
4.0636,0.0054,0.0178
4.0697,0.0060,0.0172
4.0752,0.0055,0.0167
4.0809,0.0057,0.0162
4.0859,0.0050,0.0157
4.0912,0.0053,0.0153
4.0961,0.0049,0.0149
4.1007,0.0045,0.0145
4.1056,0.0049,0.0141
4.1105,0.0049,0.0138
4.1153,0.0048,0.0134
4.1209,0.0057,0.0131
4.1251,0.0042,0.0128
4.1301,0.0049,0.0125
4.1345,0.0045,0.0123
4.1398,0.0052,0.0120
4.1442,0.0044,0.0118
4.1487,0.0046,0.0115
4.1525,0.0037,0.0113
4.1567,0.0043,0.0110
4.1613,0.0046,0.0108
4.1658,0.0044,0.0106
4.1695,0.0038,0.0104
4.1735,0.0040,0.0102
4.1774,0.0039,0.0100
4.1817,0.0043,0.0098
4.1850,0.0034,0.0097
4.1890,0.0040,0.0095
4.1918,0.0028,0.0093
4.1951,0.0033,0.0091
4.1975,0.0024,0.0089
4.2002,0.0027,0.0088
4.2032,0.0030,0.0086
4.2065,0.0032,0.0084
4.2091,0.0027,0.0083
4.2121,0.0030,0.0081
4.2147,0.0026,0.0080
4.2175,0.0028,0.0078
4.2202,0.0027,0.0077
4.2231,0.0030,0.0076
4.2260,0.0029,0.0074
4.2286,0.0025,0.0073
4.2307,0.0021,0.0072
4.2331,0.0024,0.0070
4.2359,0.0028,0.0069
4.2385,0.0026,0.0068
4.2410,0.0025,0.0067
4.2435,0.0025,0.0065
4.2462,0.0027,0.0064
4.2490,0.0028,0.0063
4.2511,0.0022,0.0062
4.2540,0.0029,0.0061
4.2565,0.0025,0.0060
4.2590,0.0025,0.0059
4.2615,0.0025,0.0058
4.2641,0.0026,0.0057
4.2664,0.0023,0.0056
4.2692,0.0028,0.0055
4.2715,0.0023,0.0054
4.2740,0.0025,0.0053
4.2765,0.0025,0.0052
4.2791,0.0025,0.0051
4.2804,0.0013,0.0050
4.2820,0.0017,0.0049
4.2837,0.0016,0.0049
4.2861,0.0024,0.0048
4.2879,0.0018,0.0047
4.2900,0.0021,0.0046
4.2915,0.0015,0.0046
4.2943,0.0028,0.0045
4.2961,0.0018,0.0044
4.2982,0.0021,0.0043
4.3003,0.0021,0.0043
4.3029,0.0025,0.0042
4.3046,0.0018,0.0041
4.3072,0.0025,0.0041
4.3091,0.0019,0.0040
4.3112,0.0021,0.0040
4.3129,0.0018,0.0039
4.3148,0.0019,0.0038
4.3169,0.0022,0.0038
4.3192,0.0023,0.0037
4.3202,0.0009,0.0037
4.3218,0.0016,0.0036
4.3230,0.0012,0.0036
4.3253,0.0022,0.0035
4.3264,0.0011,0.0035
4.3287,0.0023,0.0034
4.3305,0.0018,0.0034
4.3328,0.0023,0.0033
4.3342,0.0014,0.0033
4.3359,0.0017,0.0032
4.3378,0.0019,0.0032
4.3399,0.0022,0.0032
4.3411,0.0012,0.0031
4.3428,0.0017,0.0031
4.3441,0.0012,0.0030
4.3455,0.0014,0.0030
4.3463,0.0008,0.0029
4.3473,0.0010,0.0029
4.3486,0.0013,0.0028
4.3503,0.0017,0.0028
4.3517,0.0014,0.0028
4.3527,0.0010,0.0027
4.3538,0.0011,0.0027
4.3556,0.0019,0.0026
4.3563,0.0006,0.0026
4.3575,0.0012,0.0026
4.3581,0.0006,0.0025
4.3589,0.0008,0.0025
4.3594,0.0005,0.0024
4.3595,0.0001,0.0024
4.3601,0.0005,0.0023
4.3613,0.0012,0.0023
4.3620,0.0007,0.0023
4.3631,0.0011,0.0022
4.3638,0.0007,0.0022
4.3656,0.0018,0.0022
4.3666,0.0010,0.0021
4.3675,0.0009,0.0021
4.3687,0.0012,0.0021
4.3701,0.0013,0.0020
4.3708,0.0007,0.0020
4.3716,0.0008,0.0020
4.3725,0.0009,0.0020
4.3743,0.0018,0.0019
4.3756,0.0013,0.0019
4.3764,0.0008,0.0019
4.3772,0.0008,0.0019
4.3790,0.0018,0.0018
4.3802,0.0012,0.0018
4.3810,0.0008,0.0018
4.3817,0.0007,0.0018
4.3822,0.0005,0.0018
4.3827,0.0005,0.0017
4.3827,0.0001,0.0017
4.3833,0.0005,0.0017
4.3846,0.0014,0.0017
4.3858,0.0012,0.0017
4.3860,0.0002,0.0016
4.3864,0.0004,0.0016
4.3872,0.0008,0.0016
4.3872,-0.0000,0.0016
4.3874,0.0001,0.0015
4.3873,-0.0000,0.0015
4.3878,0.0005,0.0015
4.3882,0.0004,0.0015
4.3879,-0.0003,0.0014
4.3885,0.0005,0.0014
4.3893,0.0008,0.0014
4.3902,0.0009,0.0014
4.3902,0.0000,0.0014
4.3896,-0.0005,0.0013
4.3908,0.0012,0.0013
4.3907,-0.0001,0.0013
4.3911,0.0004,0.0013
4.3914,0.0003,0.0013
4.3917,0.0003,0.0012
4.3917,0.0001,0.0012
4.3917,-0.0000,0.0012
4.3919,0.0002,0.0012
4.3932,0.0014,0.0011
4.3935,0.0003,0.0011
4.3941,0.0005,0.0011
4.3938,-0.0003,0.0011
4.3945,0.0008,0.0011
4.3947,0.0002,0.0011
4.3946,-0.0001,0.0010
4.3947,0.0001,0.0010
4.3953,0.0006,0.0010
4.3961,0.0007,0.0010
4.3959,-0.0002,0.0010
4.3957,-0.0002,0.0010
4.3963,0.0006,0.0009
4.3969,0.0006,0.0009
4.3974,0.0005,0.0009
4.3968,-0.0007,0.0009
4.3974,0.0006,0.0009
4.3973,-0.0000,0.0008
4.3967,-0.0007,0.0008
4.3957,-0.0010,0.0008
4.3961,0.0005,0.0008
4.3964,0.0003,0.0008
4.3967,0.0003,0.0007
4.3965,-0.0002,0.0007
4.3972,0.0007,0.0007
4.3976,0.0004,0.0007
4.3973,-0.0003,0.0007
4.3965,-0.0007,0.0007
4.3970,0.0005,0.0006
4.3966,-0.0004,0.0006
4.3968,0.0002,0.0006
4.3967,-0.0000,0.0006
4.3974,0.0007,0.0006
4.3983,0.0008,0.0006
4.3993,0.0010,0.0006
4.3990,-0.0003,0.0005
4.4004,0.0014,0.0005
4.4011,0.0007,0.0005
4.4010,-0.0001,0.0005
4.4004,-0.0006,0.0005
4.4010,0.0006,0.0005
4.4009,-0.0001,0.0005
4.4011,0.0002,0.0005
4.4002,-0.0008,0.0005
4.4006,0.0004,0.0004
4.4009,0.0002,0.0004
4.4013,0.0004,0.0004
4.4003,-0.0010,0.0004
4.4009,0.0006,0.0004
4.4006,-0.0003,0.0004
4.4011,0.0005,0.0004
4.4001,-0.0010,0.0004
4.4011,0.0011,0.0004
4.4013,0.0002,0.0004
4.4019,0.0006,0.0004
4.4016,-0.0003,0.0004
4.4019,0.0004,0.0004
4.4022,0.0003,0.0004
4.4030,0.0008,0.0004
4.4022,-0.0007,0.0003
4.4028,0.0006,0.0003
4.4029,0.0001,0.0003
4.4031,0.0002,0.0003
4.4023,-0.0008,0.0003
4.4027,0.0003,0.0003
4.4026,-0.0001,0.0003
4.4031,0.0006,0.0003
4.4025,-0.0006,0.0003
4.4033,0.0008,0.0002
4.4040,0.0006,0.0002
4.4043,0.0004,0.0002
4.4035,-0.0008,0.0002
4.4039,0.0004,0.0002
4.4044,0.0004,0.0002
4.4049,0.0005,0.0002
4.4040,-0.0009,0.0002
4.4043,0.0002,0.0002
4.4048,0.0006,0.0002
4.4049,0.0001,0.0002
4.4044,-0.0005,0.0002
4.4045,0.0001,0.0002
4.4045,-0.0000,0.0002
4.4048,0.0003,0.0002
4.4041,-0.0006,0.0002
4.4042,0.0000,0.0002
4.4046,0.0004,0.0002
4.4048,0.0003,0.0002
4.4044,-0.0004,0.0002
4.4052,0.0009,0.0002
4.4053,0.0001,0.0002
4.4064,0.0011,0.0002
4.4051,-0.0014,0.0002
4.4052,0.0002,0.0001
4.4053,0.0001,0.0001
4.4057,0.0005,0.0001
4.4051,-0.0007,0.0001
4.4053,0.0003,0.0001
4.4058,0.0004,0.0001
4.4056,-0.0001,0.0001
4.4048,-0.0009,0.0001
4.4049,0.0001,0.0001
4.4045,-0.0004,0.0001
4.4049,0.0004,0.0001
4.4039,-0.0010,0.0001
4.4038,-0.0001,0.0001
4.4032,-0.0006,0.0001
4.4037,0.0005,0.0001
4.4024,-0.0012,0.0001
4.4015,-0.0009,0.0001
4.4002,-0.0013,0.0000
4.3988,-0.0014,0.0000
4.3958,-0.0030,0.0000
4.3946,-0.0012,-0.0000
4.3922,-0.0023,-0.0000
4.3905,-0.0017,-0.0001
4.3872,-0.0033,-0.0001
4.3842,-0.0030,-0.0001
4.3802,-0.0039,-0.0002
4.3774,-0.0028,-0.0002
4.3729,-0.0045,-0.0002
4.3697,-0.0032,-0.0003
4.3652,-0.0044,-0.0003
4.3618,-0.0034,-0.0003
4.3576,-0.0043,-0.0004
4.3536,-0.0040,-0.0004
4.3490,-0.0045,-0.0005
4.3450,-0.0041,-0.0005
4.3394,-0.0056,-0.0006
4.3347,-0.0047,-0.0006
4.3294,-0.0053,-0.0007
4.3245,-0.0049,-0.0007
4.3189,-0.0055,-0.0008
4.3134,-0.0056,-0.0008
4.3075,-0.0059,-0.0009
4.3026,-0.0049,-0.0010
4.2974,-0.0052,-0.0010
4.2915,-0.0059,-0.0011
4.2850,-0.0065,-0.0012
4.2795,-0.0055,-0.0012
4.2728,-0.0068,-0.0013
4.2666,-0.0061,-0.0013
4.2603,-0.0064,-0.0014
4.2540,-0.0062,-0.0015
4.2472,-0.0069,-0.0015
4.2407,-0.0065,-0.0016
4.2343,-0.0064,-0.0017
4.2274,-0.0069,-0.0017
4.2200,-0.0073,-0.0018
4.2129,-0.0071,-0.0019
4.2057,-0.0072,-0.0019
4.1992,-0.0065,-0.0020
4.1921,-0.0071,-0.0021
4.1854,-0.0067,-0.0022
4.1781,-0.0072,-0.0022
4.1713,-0.0069,-0.0023
4.1642,-0.0070,-0.0024
4.1577,-0.0066,-0.0024
4.1506,-0.0071,-0.0025
4.1437,-0.0069,-0.0026
4.1369,-0.0068,-0.0027
4.1296,-0.0073,-0.0027
4.1222,-0.0074,-0.0028
4.1145,-0.0077,-0.0029
4.1066,-0.0080,-0.0030
4.0982,-0.0084,-0.0030
4.0903,-0.0079,-0.0031
4.0824,-0.0079,-0.0032
4.0742,-0.0082,-0.0033
4.0669,-0.0073,-0.0034
4.0594,-0.0076,-0.0034
4.0512,-0.0082,-0.0035
4.0439,-0.0073,-0.0036
4.0358,-0.0081,-0.0037
4.0286,-0.0072,-0.0038
4.0210,-0.0076,-0.0038
4.0128,-0.0082,-0.0039
4.0044,-0.0084,-0.0040
3.9966,-0.0078,-0.0041
3.9887,-0.0079,-0.0042
3.9803,-0.0084,-0.0042
3.9720,-0.0083,-0.0043
3.9640,-0.0080,-0.0044
3.9562,-0.0078,-0.0045
3.9481,-0.0081,-0.0046
3.9391,-0.0090,-0.0047
3.9306,-0.0085,-0.0047
3.9212,-0.0093,-0.0048
3.9127,-0.0085,-0.0049
3.9035,-0.0092,-0.0050
3.8945,-0.0090,-0.0051
3.8854,-0.0091,-0.0052
3.8763,-0.0092,-0.0053
3.8678,-0.0085,-0.0054
3.8588,-0.0090,-0.0055
3.8503,-0.0085,-0.0056
3.8416,-0.0087,-0.0056
3.8331,-0.0085,-0.0057
3.8244,-0.0087,-0.0058
3.8159,-0.0085,-0.0059
3.8070,-0.0088,-0.0060
3.7982,-0.0088,-0.0061
3.7902,-0.0080,-0.0061
3.7815,-0.0086,-0.0062
3.7729,-0.0087,-0.0063
3.7646,-0.0083,-0.0064
3.7564,-0.0082,-0.0065
3.7478,-0.0086,-0.0066
3.7390,-0.0088,-0.0066
3.7307,-0.0083,-0.0067
3.7228,-0.0080,-0.0068
3.7149,-0.0079,-0.0068
3.7070,-0.0079,-0.0069
3.6990,-0.0080,-0.0070
3.6922,-0.0068,-0.0070
3.6846,-0.0076,-0.0071
3.6771,-0.0074,-0.0071
3.6697,-0.0074,-0.0071
3.6627,-0.0070,-0.0072
3.6553,-0.0074,-0.0072
3.6474,-0.0079,-0.0073
3.6402,-0.0072,-0.0073
3.6333,-0.0069,-0.0073
3.6261,-0.0072,-0.0074
3.6192,-0.0069,-0.0074
3.6122,-0.0070,-0.0074
3.6051,-0.0071,-0.0074
3.5989,-0.0061,-0.0075
3.5924,-0.0065,-0.0075
3.5863,-0.0061,-0.0075
3.5799,-0.0064,-0.0075
3.5743,-0.0056,-0.0075
3.5685,-0.0058,-0.0075
3.5626,-0.0059,-0.0075
3.5563,-0.0063,-0.0075
3.5508,-0.0055,-0.0075
3.5447,-0.0061,-0.0075
3.5397,-0.0050,-0.0075
3.5341,-0.0056,-0.0075
3.5292,-0.0049,-0.0075
3.5235,-0.0057,-0.0075
3.5188,-0.0047,-0.0075
3.5137,-0.0051,-0.0075
3.5086,-0.0051,-0.0075
3.5036,-0.0050,-0.0074
3.4996,-0.0040,-0.0074
3.4953,-0.0043,-0.0074
3.4921,-0.0032,-0.0074
3.4876,-0.0044,-0.0073
3.4839,-0.0037,-0.0073
3.4791,-0.0048,-0.0073
3.4755,-0.0037,-0.0072
3.4710,-0.0045,-0.0072
3.4671,-0.0039,-0.0072
3.4629,-0.0041,-0.0072
3.4595,-0.0035,-0.0071
3.4555,-0.0040,-0.0071
3.4515,-0.0040,-0.0071
3.4474,-0.0041,-0.0070
3.4437,-0.0037,-0.0070
3.4398,-0.0038,-0.0070
3.4360,-0.0038,-0.0069
3.4328,-0.0032,-0.0069
3.4298,-0.0030,-0.0068
3.4263,-0.0035,-0.0068
3.4220,-0.0044,-0.0068
3.4179,-0.0041,-0.0067
3.4149,-0.0030,-0.0067
3.4105,-0.0044,-0.0066
3.4068,-0.0038,-0.0066
3.4031,-0.0036,-0.0066
3.4000,-0.0032,-0.0065
3.3964,-0.0036,-0.0065
3.3925,-0.0039,-0.0064
3.3894,-0.0031,-0.0064
3.3863,-0.0031,-0.0063
3.3834,-0.0029,-0.0063
3.3800,-0.0034,-0.0062
3.3773,-0.0027,-0.0062
3.3746,-0.0026,-0.0061
3.3724,-0.0023,-0.0061
3.3690,-0.0034,-0.0060
3.3667,-0.0024,-0.0060
3.3646,-0.0020,-0.0059
3.3625,-0.0022,-0.0059
3.3600,-0.0025,-0.0058
3.3578,-0.0022,-0.0057
3.3562,-0.0015,-0.0056
3.3541,-0.0022,-0.0056
3.3514,-0.0027,-0.0055
3.3493,-0.0021,-0.0055
3.3478,-0.0014,-0.0054
3.3466,-0.0012,-0.0053
3.3444,-0.0022,-0.0052
3.3426,-0.0018,-0.0052
3.3410,-0.0016,-0.0051
3.3387,-0.0023,-0.0050
3.3359,-0.0028,-0.0050
3.3337,-0.0023,-0.0049
3.3321,-0.0016,-0.0048
3.3306,-0.0015,-0.0048
3.3286,-0.0020,-0.0047
3.3271,-0.0015,-0.0046
3.3261,-0.0010,-0.0046
3.3244,-0.0017,-0.0045
3.3221,-0.0023,-0.0044
3.3199,-0.0021,-0.0044
3.3186,-0.0013,-0.0043
3.3175,-0.0012,-0.0042
3.3163,-0.0012,-0.0041
3.3151,-0.0012,-0.0041
3.3145,-0.0006,-0.0040
3.3132,-0.0013,-0.0039
3.3113,-0.0019,-0.0039
3.3098,-0.0016,-0.0038
3.3088,-0.0009,-0.0038
3.3078,-0.0011,-0.0037
3.3071,-0.0007,-0.0036
3.3064,-0.0007,-0.0036
3.3059,-0.0005,-0.0035
3.3050,-0.0008,-0.0034
3.3043,-0.0007,-0.0034
3.3031,-0.0012,-0.0033
3.3027,-0.0005,-0.0032
3.3020,-0.0007,-0.0032
3.3010,-0.0009,-0.0031
3.3002,-0.0009,-0.0030
3.3001,-0.0001,-0.0030
3.2997,-0.0004,-0.0029
3.2987,-0.0009,-0.0029
3.2979,-0.0008,-0.0028
3.2973,-0.0005,-0.0028
3.2975,0.0001,-0.0027
3.2971,-0.0004,-0.0027
3.2964,-0.0007,-0.0026
3.2965,0.0001,-0.0025
3.2967,0.0002,-0.0025
3.2961,-0.0006,-0.0024
3.2959,-0.0002,-0.0024
3.2955,-0.0004,-0.0023
3.2957,0.0002,-0.0023
3.2955,-0.0002,-0.0022
3.2951,-0.0004,-0.0022
3.2948,-0.0003,-0.0021
3.2949,0.0001,-0.0021
3.2947,-0.0001,-0.0020
3.2939,-0.0009,-0.0020
3.2939,0.0000,-0.0020
3.2940,0.0001,-0.0019
3.2934,-0.0006,-0.0019
3.2930,-0.0003,-0.0019
3.2933,0.0003,-0.0018
3.2933,0.0000,-0.0018
3.2928,-0.0006,-0.0017
3.2925,-0.0003,-0.0017
3.2923,-0.0002,-0.0017
3.2923,0.0000,-0.0016
3.2924,0.0001,-0.0016
3.2919,-0.0005,-0.0016
3.2921,0.0003,-0.0015
3.2923,0.0001,-0.0015
3.2919,-0.0004,-0.0014
3.2918,-0.0001,-0.0014
3.2923,0.0005,-0.0014
3.2927,0.0004,-0.0013
3.2929,0.0002,-0.0013
3.2925,-0.0004,-0.0013
3.2926,0.0001,-0.0012
3.2923,-0.0003,-0.0012
3.2921,-0.0002,-0.0011
3.2917,-0.0004,-0.0011
3.2917,-0.0000,-0.0011
3.2923,0.0006,-0.0010
3.2926,0.0003,-0.0010
3.2928,0.0001,-0.0010
3.2931,0.0004,-0.0009
3.2935,0.0004,-0.0009
3.2932,-0.0003,-0.0009
3.2929,-0.0003,-0.0008
3.2927,-0.0003,-0.0008
3.2928,0.0001,-0.0008
3.2928,0.0000,-0.0008
3.2925,-0.0003,-0.0007
3.2925,0.0000,-0.0007
3.2928,0.0003,-0.0007
3.2923,-0.0005,-0.0007
3.2920,-0.0003,-0.0007
3.2918,-0.0001,-0.0006
3.2917,-0.0002,-0.0006
3.2912,-0.0004,-0.0006
3.2911,-0.0001,-0.0006
3.2909,-0.0002,-0.0006
3.2909,-0.0001,-0.0006
3.2903,-0.0006,-0.0005
3.2899,-0.0004,-0.0005
3.2900,0.0001,-0.0005
3.2900,0.0000,-0.0005
3.2902,0.0002,-0.0005
3.2902,0.0000,-0.0004
3.2907,0.0004,-0.0004
3.2907,0.0001,-0.0004
3.2906,-0.0001,-0.0004
3.2905,-0.0001,-0.0004
3.2899,-0.0007,-0.0004
3.2898,-0.0001,-0.0003
3.2899,0.0001,-0.0003
3.2899,-0.0000,-0.0003
3.2902,0.0003,-0.0003
3.2905,0.0004,-0.0003
3.2905,-0.0001,-0.0003
3.2905,0.0000,-0.0002
3.2906,0.0001,-0.0002
3.2907,0.0001,-0.0002
3.2906,-0.0001,-0.0002
3.2904,-0.0002,-0.0002
3.2903,-0.0001,-0.0002
3.2906,0.0003,-0.0002
3.2909,0.0003,-0.0002
3.2909,-0.0000,-0.0002
3.2908,-0.0001,-0.0002
3.2914,0.0005,-0.0001
3.2912,-0.0002,-0.0001
3.2910,-0.0001,-0.0001
3.2910,-0.0001,-0.0001
3.2911,0.0002,-0.0001
3.2910,-0.0001,-0.0001
3.2910,-0.0001,-0.0001
3.2906,-0.0004,-0.0001
3.2912,0.0006,-0.0001
3.2915,0.0004,-0.0001
3.2914,-0.0002,-0.0001
3.2913,-0.0000,-0.0001
3.2912,-0.0001,-0.0001
3.2901,-0.0011,-0.0001
3.2892,-0.0009,-0.0001
3.2883,-0.0009,-0.0001
3.2870,-0.0013,-0.0001
3.2857,-0.0013,-0.0001
3.2837,-0.0020,-0.0001
3.2816,-0.0021,-0.0001
3.2794,-0.0021,-0.0002
3.2775,-0.0020,-0.0002
3.2751,-0.0023,-0.0002
3.2732,-0.0019,-0.0002
3.2709,-0.0023,-0.0002
3.2682,-0.0027,-0.0003
3.2654,-0.0028,-0.0003
3.2621,-0.0033,-0.0003
3.2583,-0.0038,-0.0004
3.2554,-0.0029,-0.0004
3.2523,-0.0031,-0.0004
3.2486,-0.0037,-0.0004
3.2455,-0.0032,-0.0005
3.2426,-0.0029,-0.0005
3.2392,-0.0034,-0.0005
3.2359,-0.0033,-0.0006
3.2321,-0.0038,-0.0006
3.2281,-0.0039,-0.0006
3.2235,-0.0046,-0.0007
3.2199,-0.0036,-0.0007
3.2155,-0.0044,-0.0008
3.2113,-0.0042,-0.0008
3.2068,-0.0045,-0.0009
3.2026,-0.0042,-0.0009
3.1980,-0.0045,-0.0009
3.1939,-0.0041,-0.0010
3.1896,-0.0043,-0.0010
3.1853,-0.0043,-0.0011
3.1809,-0.0044,-0.0011
3.1767,-0.0042,-0.0012
3.1714,-0.0052,-0.0012
3.1670,-0.0045,-0.0012
3.1619,-0.0051,-0.0013
3.1570,-0.0049,-0.0014
3.1514,-0.0056,-0.0014
3.1464,-0.0050,-0.0015
3.1418,-0.0046,-0.0015
3.1370,-0.0049,-0.0016
3.1324,-0.0046,-0.0016
3.1272,-0.0052,-0.0017
3.1230,-0.0042,-0.0017
3.1177,-0.0054,-0.0018
3.1122,-0.0054,-0.0018
3.1064,-0.0059,-0.0019
3.1016,-0.0048,-0.0019
3.0960,-0.0055,-0.0020
3.0909,-0.0051,-0.0020
3.0856,-0.0053,-0.0021
3.0805,-0.0051,-0.0021
3.0755,-0.0050,-0.0022
3.0697,-0.0058,-0.0022
3.0635,-0.0062,-0.0023
3.0578,-0.0057,-0.0023
3.0521,-0.0056,-0.0024
3.0461,-0.0060,-0.0024
3.0398,-0.0063,-0.0025
3.0341,-0.0057,-0.0026
3.0287,-0.0055,-0.0026
3.0227,-0.0059,-0.0027
3.0161,-0.0066,-0.0027
3.0102,-0.0059,-0.0028
3.0042,-0.0060,-0.0029
2.9973,-0.0069,-0.0029
2.9908,-0.0065,-0.0030
2.9839,-0.0068,-0.0031
2.9773,-0.0066,-0.0031
2.9704,-0.0070,-0.0032
2.9635,-0.0069,-0.0033
2.9569,-0.0066,-0.0033
2.9503,-0.0065,-0.0034
2.9438,-0.0065,-0.0035
2.9364,-0.0074,-0.0035
2.9297,-0.0067,-0.0036
2.9230,-0.0067,-0.0037
2.9159,-0.0071,-0.0037
2.9088,-0.0071,-0.0038
2.9020,-0.0068,-0.0039
2.8951,-0.0069,-0.0040
2.8888,-0.0063,-0.0040
2.8812,-0.0076,-0.0041
2.8742,-0.0070,-0.0042
2.8671,-0.0071,-0.0042
2.8598,-0.0073,-0.0043
2.8524,-0.0075,-0.0044
2.8455,-0.0068,-0.0045
2.8384,-0.0072,-0.0045
2.8309,-0.0074,-0.0046
2.8239,-0.0071,-0.0047
2.8162,-0.0077,-0.0047
2.8088,-0.0074,-0.0048
2.8009,-0.0080,-0.0049
2.7935,-0.0073,-0.0050
2.7865,-0.0071,-0.0050
2.7806,-0.0058,-0.0051
2.7745,-0.0061,-0.0051
2.7682,-0.0063,-0.0052
2.7620,-0.0062,-0.0052
2.7566,-0.0054,-0.0053
2.7514,-0.0052,-0.0053
2.7456,-0.0057,-0.0054
2.7407,-0.0049,-0.0054
2.7363,-0.0044,-0.0054
2.7314,-0.0049,-0.0054
2.7268,-0.0047,-0.0055
2.7226,-0.0042,-0.0055
2.7186,-0.0040,-0.0055
2.7146,-0.0041,-0.0055
2.7100,-0.0046,-0.0055
2.7057,-0.0043,-0.0055
2.7024,-0.0033,-0.0055
2.6984,-0.0040,-0.0055
2.6950,-0.0034,-0.0055
2.6913,-0.0037,-0.0055
2.6882,-0.0031,-0.0055
2.6849,-0.0033,-0.0055
2.6821,-0.0028,-0.0055
2.6794,-0.0027,-0.0055
2.6779,-0.0015,-0.0055
2.6756,-0.0023,-0.0055
2.6731,-0.0026,-0.0055
2.6706,-0.0024,-0.0054
2.6683,-0.0023,-0.0054
2.6663,-0.0020,-0.0054
2.6641,-0.0022,-0.0054
2.6618,-0.0023,-0.0054
2.6598,-0.0020,-0.0053
2.6578,-0.0019,-0.0053
2.6556,-0.0022,-0.0053
2.6535,-0.0021,-0.0053
2.6524,-0.0011,-0.0052
2.6511,-0.0013,-0.0052
2.6497,-0.0014,-0.0052
2.6485,-0.0012,-0.0051
2.6472,-0.0013,-0.0051
2.6458,-0.0014,-0.0051
2.6449,-0.0010,-0.0050
2.6434,-0.0015,-0.0050
2.6426,-0.0008,-0.0049
2.6421,-0.0005,-0.0049
2.6415,-0.0006,-0.0049
2.6409,-0.0007,-0.0048
2.6403,-0.0006,-0.0048
2.6394,-0.0009,-0.0047
2.6387,-0.0007,-0.0047
2.6378,-0.0009,-0.0046
2.6373,-0.0004,-0.0046
2.6366,-0.0007,-0.0045
2.6358,-0.0009,-0.0045
2.6347,-0.0010,-0.0045
2.6343,-0.0005,-0.0044
2.6337,-0.0006,-0.0044
2.6334,-0.0003,-0.0043
2.6324,-0.0009,-0.0043
2.6319,-0.0005,-0.0042
2.6314,-0.0005,-0.0041
2.6308,-0.0006,-0.0041
2.6302,-0.0007,-0.0040
2.6303,0.0001,-0.0040
2.6300,-0.0003,-0.0039
2.6300,-0.0001,-0.0039
2.6294,-0.0006,-0.0038
2.6290,-0.0004,-0.0038
2.6289,-0.0001,-0.0037
2.6287,-0.0002,-0.0036
2.6285,-0.0001,-0.0036
2.6286,0.0001,-0.0035
2.6283,-0.0004,-0.0034
2.6278,-0.0004,-0.0034
2.6273,-0.0005,-0.0033
2.6270,-0.0003,-0.0032
2.6267,-0.0003,-0.0032
2.6269,0.0002,-0.0031
2.6266,-0.0003,-0.0030
2.6262,-0.0005,-0.0030
2.6259,-0.0003,-0.0029
2.6255,-0.0003,-0.0028
2.6251,-0.0005,-0.0028
2.6251,-0.0000,-0.0027
2.6252,0.0002,-0.0026
2.6251,-0.0001,-0.0026
2.6250,-0.0001,-0.0025
2.6247,-0.0003,-0.0024
2.6244,-0.0003,-0.0024
2.6245,0.0001,-0.0023
2.6240,-0.0005,-0.0022
2.6239,-0.0001,-0.0021
2.6240,0.0000,-0.0021
2.6241,0.0001,-0.0020
2.6238,-0.0003,-0.0019
2.6236,-0.0002,-0.0019
2.6235,-0.0001,-0.0018
2.6233,-0.0002,-0.0017
2.6231,-0.0002,-0.0016
2.6230,-0.0001,-0.0016
2.6233,0.0003,-0.0015
2.6234,0.0001,-0.0014
2.6233,-0.0001,-0.0014
2.6228,-0.0005,-0.0013
2.6227,-0.0002,-0.0013
2.6228,0.0001,-0.0012
2.6225,-0.0003,-0.0012
2.6224,-0.0001,-0.0011
2.6225,0.0001,-0.0011
2.6227,0.0003,-0.0010
2.6229,0.0001,-0.0010
2.6229,0.0000,-0.0010
2.6228,-0.0001,-0.0009
2.6228,-0.0000,-0.0009
2.6230,0.0002,-0.0008
2.6229,-0.0000,-0.0008
2.6229,0.0000,-0.0008
2.6231,0.0002,-0.0007
2.6230,-0.0001,-0.0007
2.6231,0.0001,-0.0007
2.6230,-0.0001,-0.0006
2.6231,0.0001,-0.0006
2.6231,-0.0000,-0.0006
2.6234,0.0003,-0.0005
2.6232,-0.0002,-0.0005
2.6234,0.0002,-0.0005
2.6232,-0.0001,-0.0005
2.6231,-0.0001,-0.0005
2.6231,-0.0000,-0.0004
2.6233,0.0002,-0.0004
2.6231,-0.0002,-0.0004
2.6230,-0.0001,-0.0004
2.6229,-0.0002,-0.0003
2.6227,-0.0001,-0.0003
2.6225,-0.0002,-0.0003
2.6226,0.0001,-0.0003
2.6228,0.0002,-0.0003
2.6230,0.0002,-0.0003
2.6230,-0.0001,-0.0003
2.6227,-0.0002,-0.0002
2.6226,-0.0001,-0.0002
2.6229,0.0003,-0.0002
2.6229,0.0001,-0.0002
2.6230,0.0001,-0.0002
2.6230,-0.0000,-0.0002
2.6233,0.0003,-0.0002
2.6233,0.0000,-0.0002
2.6234,0.0001,-0.0002
2.6233,-0.0002,-0.0002
2.6233,0.0001,-0.0002
2.6235,0.0001,-0.0001
2.6235,0.0001,-0.0001
2.6235,-0.0001,-0.0001
2.6236,0.0001,-0.0001
2.6236,0.0000,-0.0001
2.6236,-0.0001,-0.0001
2.6237,0.0001,-0.0001
2.6236,-0.0001,-0.0001
2.6236,0.0000,-0.0001
2.6242,0.0006,-0.0001
2.6244,0.0001,-0.0001
2.6243,-0.0000,-0.0001
2.6238,-0.0005,-0.0001
2.6236,-0.0002,-0.0001
2.6228,-0.0008,-0.0001
2.6223,-0.0005,-0.0001
2.6210,-0.0013,-0.0001
2.6202,-0.0008,-0.0001
2.6191,-0.0010,-0.0001
2.6180,-0.0011,-0.0001
2.6162,-0.0018,-0.0001
2.6150,-0.0013,-0.0001
2.6127,-0.0023,-0.0002
2.6109,-0.0017,-0.0002
2.6090,-0.0019,-0.0002
2.6070,-0.0020,-0.0002
2.6049,-0.0021,-0.0002
2.6029,-0.0020,-0.0002
2.6004,-0.0025,-0.0003
2.5974,-0.0030,-0.0003
2.5950,-0.0024,-0.0003
2.5926,-0.0024,-0.0003
2.5898,-0.0028,-0.0004
2.5870,-0.0028,-0.0004
2.5842,-0.0028,-0.0004
2.5806,-0.0036,-0.0004
2.5771,-0.0035,-0.0005
2.5742,-0.0029,-0.0005
2.5712,-0.0030,-0.0005
2.5683,-0.0030,-0.0006
2.5645,-0.0037,-0.0006
2.5613,-0.0032,-0.0006
2.5579,-0.0034,-0.0007
2.5548,-0.0031,-0.0007
2.5511,-0.0038,-0.0007
2.5469,-0.0042,-0.0008
2.5430,-0.0038,-0.0008
2.5396,-0.0034,-0.0008
2.5356,-0.0040,-0.0009
2.5317,-0.0039,-0.0009
2.5277,-0.0040,-0.0010
2.5238,-0.0039,-0.0010
2.5198,-0.0040,-0.0010
2.5152,-0.0046,-0.0011
2.5105,-0.0047,-0.0011
2.5054,-0.0051,-0.0012
2.5006,-0.0048,-0.0012
2.4963,-0.0043,-0.0013
2.4912,-0.0050,-0.0013
2.4872,-0.0040,-0.0014
2.4824,-0.0048,-0.0014
2.4779,-0.0045,-0.0015
2.4732,-0.0047,-0.0015
2.4689,-0.0043,-0.0015
2.4641,-0.0049,-0.0016
2.4589,-0.0052,-0.0016
2.4538,-0.0051,-0.0017
2.4487,-0.0051,-0.0017
2.4439,-0.0048,-0.0018
2.4391,-0.0048,-0.0018
2.4341,-0.0050,-0.0019
2.4295,-0.0046,-0.0019
2.4248,-0.0047,-0.0020
2.4201,-0.0047,-0.0020
2.4153,-0.0049,-0.0021
2.4100,-0.0053,-0.0021
2.4047,-0.0053,-0.0022
2.3994,-0.0053,-0.0022
2.3936,-0.0058,-0.0023
2.3887,-0.0049,-0.0023
2.3831,-0.0056,-0.0024
2.3777,-0.0054,-0.0025
2.3723,-0.0054,-0.0025
2.3667,-0.0056,-0.0026
2.3611,-0.0057,-0.0026
2.3554,-0.0056,-0.0027
2.3500,-0.0055,-0.0027
2.3445,-0.0054,-0.0028
2.3392,-0.0054,-0.0028
2.3338,-0.0054,-0.0029
2.3288,-0.0050,-0.0029
2.3230,-0.0058,-0.0030
2.3184,-0.0047,-0.0030
2.3135,-0.0049,-0.0031
2.3088,-0.0047,-0.0031
2.3037,-0.0051,-0.0032
2.2983,-0.0054,-0.0033
2.2925,-0.0058,-0.0033
2.2876,-0.0049,-0.0034
2.2828,-0.0048,-0.0034
2.2771,-0.0057,-0.0035
2.2720,-0.0050,-0.0035
2.2672,-0.0048,-0.0036
2.2623,-0.0049,-0.0036
2.2572,-0.0051,-0.0037
2.2525,-0.0047,-0.0037
2.2480,-0.0045,-0.0038
2.2438,-0.0042,-0.0038
2.2389,-0.0049,-0.0038
2.2337,-0.0052,-0.0039
2.2290,-0.0047,-0.0040
2.2244,-0.0046,-0.0040
2.2193,-0.0050,-0.0040
2.2149,-0.0045,-0.0041
2.2106,-0.0043,-0.0041
2.2068,-0.0039,-0.0042
2.2029,-0.0038,-0.0042
2.1992,-0.0037,-0.0042
2.1960,-0.0032,-0.0042
2.1927,-0.0033,-0.0043
2.1898,-0.0029,-0.0043
2.1868,-0.0030,-0.0043
2.1840,-0.0028,-0.0043
2.1814,-0.0026,-0.0043
2.1784,-0.0030,-0.0043
2.1755,-0.0030,-0.0043
2.1728,-0.0027,-0.0043
2.1700,-0.0027,-0.0043
2.1681,-0.0020,-0.0043
2.1656,-0.0025,-0.0043
2.1635,-0.0021,-0.0043
2.1614,-0.0021,-0.0043
2.1593,-0.0021,-0.0043
2.1570,-0.0023,-0.0043
2.1550,-0.0020,-0.0043
2.1530,-0.0020,-0.0043
2.1513,-0.0017,-0.0043
2.1495,-0.0017,-0.0042
2.1479,-0.0016,-0.0042
2.1466,-0.0013,-0.0042
2.1451,-0.0015,-0.0042
2.1435,-0.0016,-0.0042
2.1422,-0.0013,-0.0042
2.1411,-0.0010,-0.0041
2.1401,-0.0010,-0.0041
2.1386,-0.0015,-0.0041
2.1371,-0.0015,-0.0041
2.1360,-0.0011,-0.0040
2.1351,-0.0009,-0.0040
2.1340,-0.0010,-0.0040
2.1331,-0.0009,-0.0039
2.1323,-0.0007,-0.0039
2.1317,-0.0006,-0.0039
2.1310,-0.0007,-0.0038
2.1303,-0.0007,-0.0038
2.1299,-0.0005,-0.0038
2.1299,-0.0000,-0.0037
2.1293,-0.0005,-0.0037
2.1288,-0.0006,-0.0036
2.1284,-0.0004,-0.0036
2.1281,-0.0003,-0.0035
2.1276,-0.0005,-0.0035
2.1272,-0.0003,-0.0035
2.1268,-0.0005,-0.0034
2.1262,-0.0006,-0.0034
2.1260,-0.0002,-0.0033
2.1256,-0.0003,-0.0033
2.1253,-0.0003,-0.0032
2.1247,-0.0006,-0.0032
2.1243,-0.0004,-0.0031
2.1239,-0.0004,-0.0031
2.1239,-0.0000,-0.0031
2.1239,0.0000,-0.0030
2.1241,0.0001,-0.0030
2.1242,0.0001,-0.0029
2.1241,-0.0001,-0.0029
2.1236,-0.0004,-0.0028
2.1233,-0.0003,-0.0028
2.1230,-0.0003,-0.0027
2.1229,-0.0002,-0.0027
2.1228,-0.0001,-0.0026
2.1226,-0.0001,-0.0026
2.1224,-0.0002,-0.0025
2.1226,0.0001,-0.0024
2.1225,-0.0001,-0.0024
2.1224,-0.0001,-0.0023
2.1223,-0.0001,-0.0023
2.1223,-0.0000,-0.0022
2.1222,-0.0000,-0.0022
2.1223,0.0000,-0.0021
2.1222,-0.0000,-0.0021
2.1223,0.0001,-0.0020
2.1222,-0.0001,-0.0020
2.1220,-0.0002,-0.0019
2.1218,-0.0002,-0.0019
2.1218,0.0000,-0.0018
2.1220,0.0001,-0.0018
2.1222,0.0003,-0.0017
2.1221,-0.0002,-0.0017
2.1221,0.0000,-0.0016
2.1220,-0.0001,-0.0016
2.1218,-0.0002,-0.0015
2.1216,-0.0002,-0.0015
2.1215,-0.0001,-0.0014
2.1214,-0.0001,-0.0014
2.1215,0.0001,-0.0013
2.1213,-0.0002,-0.0013
2.1213,-0.0000,-0.0012
2.1214,0.0000,-0.0012
2.1214,0.0000,-0.0011
2.1213,-0.0001,-0.0011
2.1213,0.0000,-0.0010
2.1214,0.0001,-0.0010
2.1216,0.0001,-0.0009
2.1216,0.0000,-0.0009
2.1214,-0.0002,-0.0009
2.1211,-0.0002,-0.0008
2.1211,-0.0000,-0.0008
2.1210,-0.0001,-0.0008
2.1208,-0.0002,-0.0007
2.1209,0.0001,-0.0007
2.1211,0.0002,-0.0007
2.1212,0.0001,-0.0006
2.1210,-0.0001,-0.0006
2.1210,-0.0001,-0.0006
2.1209,-0.0001,-0.0005
2.1207,-0.0002,-0.0005
2.1204,-0.0003,-0.0005
2.1202,-0.0002,-0.0005
2.1203,0.0001,-0.0005
2.1204,0.0001,-0.0004
2.1206,0.0001,-0.0004
2.1206,0.0001,-0.0004
2.1206,-0.0001,-0.0004
2.1207,0.0001,-0.0003
2.1207,0.0001,-0.0003
2.1207,-0.0000,-0.0003
2.1207,0.0000,-0.0003
2.1209,0.0001,-0.0003
2.1209,0.0001,-0.0003
2.1210,0.0000,-0.0002
2.1209,-0.0001,-0.0002
2.1206,-0.0002,-0.0002
2.1206,-0.0000,-0.0002
2.1207,0.0001,-0.0002
2.1210,0.0003,-0.0002
2.1211,0.0001,-0.0002
2.1212,0.0000,-0.0001
2.1211,-0.0000,-0.0001
2.1209,-0.0002,-0.0001
2.1208,-0.0001,-0.0001
2.1207,-0.0001,-0.0001
2.1206,-0.0001,-0.0001
2.1206,0.0000,-0.0001
2.1207,0.0001,-0.0001
2.1207,0.0000,-0.0001
2.1210,0.0002,-0.0001
2.1214,0.0004,-0.0001
2.1212,-0.0001,-0.0001
2.1209,-0.0003,-0.0001
2.1206,-0.0003,-0.0001
2.1201,-0.0005,-0.0001
2.1193,-0.0008,-0.0001
2.1182,-0.0012,-0.0001
2.1170,-0.0012,-0.0001
2.1162,-0.0008,-0.0001
2.1148,-0.0014,-0.0001
2.1133,-0.0014,-0.0001
2.1117,-0.0017,-0.0001
2.1103,-0.0013,-0.0001
2.1086,-0.0017,-0.0002
2.1068,-0.0018,-0.0002
2.1048,-0.0020,-0.0002
2.1025,-0.0023,-0.0002
2.1004,-0.0021,-0.0002
2.0984,-0.0021,-0.0003
2.0960,-0.0023,-0.0003
2.0941,-0.0019,-0.0003
2.0919,-0.0022,-0.0003
2.0891,-0.0028,-0.0003
2.0866,-0.0025,-0.0004
2.0842,-0.0024,-0.0004
2.0815,-0.0027,-0.0004
2.0787,-0.0028,-0.0004
2.0758,-0.0029,-0.0005
2.0731,-0.0027,-0.0005
2.0698,-0.0033,-0.0005
2.0663,-0.0034,-0.0006
2.0633,-0.0030,-0.0006
2.0600,-0.0033,-0.0006
2.0571,-0.0029,-0.0007
2.0543,-0.0029,-0.0007
2.0511,-0.0032,-0.0007
2.0477,-0.0034,-0.0007
2.0441,-0.0036,-0.0008
2.0406,-0.0035,-0.0008
2.0376,-0.0030,-0.0008
2.0342,-0.0034,-0.0009
2.0311,-0.0031,-0.0009
2.0279,-0.0032,-0.0009
2.0250,-0.0029,-0.0010
2.0214,-0.0036,-0.0010
2.0180,-0.0035,-0.0010
2.0140,-0.0040,-0.0011
2.0103,-0.0036,-0.0011
2.0064,-0.0039,-0.0012
2.0025,-0.0039,-0.0012
1.9981,-0.0043,-0.0012
1.9945,-0.0036,-0.0013
1.9904,-0.0040,-0.0013
1.9861,-0.0044,-0.0014
1.9819,-0.0042,-0.0014
1.9778,-0.0041,-0.0014
1.9736,-0.0041,-0.0015
1.9694,-0.0043,-0.0015
1.9658,-0.0036,-0.0016
1.9616,-0.0042,-0.0016
1.9578,-0.0037,-0.0016
1.9543,-0.0036,-0.0017
1.9508,-0.0035,-0.0017
1.9472,-0.0036,-0.0017
1.9435,-0.0036,-0.0018
1.9395,-0.0041,-0.0018
1.9357,-0.0038,-0.0019
1.9323,-0.0034,-0.0019
1.9285,-0.0038,-0.0019
1.9250,-0.0034,-0.0020
1.9212,-0.0038,-0.0020
1.9172,-0.0040,-0.0020
1.9131,-0.0041,-0.0021
1.9097,-0.0034,-0.0021
1.9057,-0.0040,-0.0021
1.9020,-0.0037,-0.0022
1.8981,-0.0038,-0.0022
1.8943,-0.0038,-0.0023
1.8904,-0.0039,-0.0023
1.8864,-0.0039,-0.0023
1.8827,-0.0037,-0.0024
1.8787,-0.0040,-0.0024
1.8750,-0.0037,-0.0025
1.8713,-0.0037,-0.0025
1.8672,-0.0041,-0.0025
1.8640,-0.0032,-0.0026
1.8607,-0.0033,-0.0026
1.8574,-0.0034,-0.0026
1.8537,-0.0037,-0.0027
1.8500,-0.0037,-0.0027
1.8468,-0.0033,-0.0027
1.8431,-0.0037,-0.0028
1.8390,-0.0041,-0.0028
1.8349,-0.0041,-0.0029
1.8311,-0.0038,-0.0029
1.8282,-0.0029,-0.0029
1.8241,-0.0041,-0.0030
1.8207,-0.0034,-0.0030
1.8167,-0.0040,-0.0030
1.8125,-0.0042,-0.0031
1.8087,-0.0039,-0.0031
1.8054,-0.0032,-0.0032
1.8020,-0.0034,-0.0032
1.7990,-0.0031,-0.0032
1.7958,-0.0032,-0.0032
1.7932,-0.0026,-0.0033
1.7904,-0.0028,-0.0033
1.7878,-0.0026,-0.0033
1.7854,-0.0023,-0.0033
1.7831,-0.0023,-0.0033
1.7819,-0.0013,-0.0033
1.7798,-0.0020,-0.0033
1.7784,-0.0015,-0.0033
1.7768,-0.0016,-0.0033
1.7751,-0.0017,-0.0033
1.7735,-0.0016,-0.0033
1.7718,-0.0017,-0.0033
1.7700,-0.0017,-0.0033
1.7686,-0.0015,-0.0033
1.7675,-0.0010,-0.0033
1.7667,-0.0009,-0.0033
1.7656,-0.0011,-0.0033
1.7650,-0.0006,-0.0032
1.7641,-0.0009,-0.0032
1.7631,-0.0010,-0.0032
1.7621,-0.0010,-0.0032
1.7612,-0.0008,-0.0032
1.7607,-0.0005,-0.0032
1.7603,-0.0005,-0.0031
1.7597,-0.0006,-0.0031
1.7595,-0.0002,-0.0031
1.7592,-0.0003,-0.0030
1.7586,-0.0006,-0.0030
1.7581,-0.0005,-0.0030
1.7577,-0.0004,-0.0030
1.7571,-0.0006,-0.0029
1.7567,-0.0004,-0.0029
1.7566,-0.0001,-0.0029
1.7563,-0.0003,-0.0028
1.7561,-0.0002,-0.0028
1.7558,-0.0003,-0.0028
1.7555,-0.0003,-0.0028
1.7551,-0.0003,-0.0027
1.7550,-0.0001,-0.0027
1.7547,-0.0003,-0.0027
1.7547,0.0001,-0.0026
1.7545,-0.0003,-0.0026
1.7544,-0.0001,-0.0026
1.7542,-0.0002,-0.0025
1.7540,-0.0002,-0.0025
1.7539,-0.0001,-0.0024
1.7538,-0.0001,-0.0024
1.7536,-0.0002,-0.0024
1.7535,-0.0001,-0.0023
1.7532,-0.0003,-0.0023
1.7532,-0.0000,-0.0022
1.7530,-0.0002,-0.0022
1.7529,-0.0001,-0.0022
1.7526,-0.0003,-0.0021
1.7524,-0.0002,-0.0021
1.7522,-0.0002,-0.0021
1.7521,-0.0002,-0.0020
1.7519,-0.0002,-0.0020
1.7520,0.0001,-0.0020
1.7518,-0.0001,-0.0019
1.7519,0.0000,-0.0019
1.7518,-0.0001,-0.0018
1.7518,0.0000,-0.0018
1.7516,-0.0002,-0.0018
1.7515,-0.0001,-0.0017
1.7514,-0.0001,-0.0017
1.7515,0.0000,-0.0017
1.7514,-0.0000,-0.0016
1.7514,-0.0000,-0.0016
1.7514,0.0000,-0.0015
1.7514,0.0000,-0.0015
1.7514,-0.0001,-0.0015
1.7512,-0.0001,-0.0014
1.7510,-0.0002,-0.0014
1.7510,0.0000,-0.0014
1.7509,-0.0001,-0.0013
1.7509,-0.0001,-0.0013
1.7508,-0.0000,-0.0012
1.7509,0.0001,-0.0012
1.7509,-0.0001,-0.0012
1.7508,-0.0000,-0.0011
1.7507,-0.0001,-0.0011
1.7506,-0.0001,-0.0011
1.7506,-0.0000,-0.0010
1.7504,-0.0002,-0.0010
1.7504,-0.0000,-0.0010
1.7505,0.0002,-0.0009
1.7506,0.0001,-0.0009
1.7507,0.0001,-0.0008
1.7506,-0.0001,-0.0008
1.7504,-0.0002,-0.0008
1.7503,-0.0001,-0.0007
1.7502,-0.0000,-0.0007
1.7502,-0.0000,-0.0007
1.7503,0.0001,-0.0006
1.7505,0.0001,-0.0006
1.7503,-0.0001,-0.0006
1.7502,-0.0002,-0.0005
1.7501,-0.0001,-0.0005
1.7501,0.0000,-0.0005
1.7500,-0.0000,-0.0004
1.7500,-0.0001,-0.0004
1.7498,-0.0002,-0.0004
1.7499,0.0000,-0.0004
1.7499,0.0000,-0.0003
1.7500,0.0001,-0.0003
1.7500,-0.0000,-0.0003
1.7499,-0.0001,-0.0003
1.7497,-0.0002,-0.0003
1.7497,-0.0000,-0.0003
1.7496,-0.0001,-0.0002
1.7497,0.0000,-0.0002
1.7496,-0.0001,-0.0002
1.7497,0.0000,-0.0002
1.7497,0.0000,-0.0002
1.7498,0.0001,-0.0002
1.7498,-0.0000,-0.0002
1.7498,0.0000,-0.0002
1.7497,-0.0002,-0.0001
1.7496,-0.0001,-0.0001
1.7496,-0.0000,-0.0001
1.7497,0.0001,-0.0001
1.7498,0.0001,-0.0001
1.7498,-0.0000,-0.0001
1.7497,-0.0001,-0.0001
1.7496,-0.0000,-0.0001
1.7496,-0.0000,-0.0001
1.7499,0.0003,-0.0001
1.7501,0.0002,-0.0001
1.7500,-0.0001,-0.0001
1.7501,0.0001,-0.0001
1.7500,-0.0001,-0.0001
1.7497,-0.0003,-0.0001
1.7491,-0.0006,-0.0001
1.7485,-0.0006,-0.0001
1.7477,-0.0009,-0.0001
1.7471,-0.0005,-0.0001
1.7463,-0.0008,-0.0001
1.7451,-0.0012,-0.0001
1.7439,-0.0012,-0.0001
1.7423,-0.0016,-0.0001
1.7408,-0.0015,-0.0001
1.7391,-0.0017,-0.0002
1.7376,-0.0015,-0.0002
1.7359,-0.0017,-0.0002
1.7344,-0.0015,-0.0002
1.7329,-0.0014,-0.0002
1.7310,-0.0020,-0.0002
1.7288,-0.0021,-0.0002
1.7265,-0.0023,-0.0003
1.7241,-0.0025,-0.0003
1.7220,-0.0020,-0.0003
1.7195,-0.0025,-0.0003
1.7169,-0.0026,-0.0004
1.7142,-0.0027,-0.0004
1.7120,-0.0022,-0.0004
1.7097,-0.0023,-0.0004
1.7074,-0.0023,-0.0004
1.7044,-0.0029,-0.0005
1.7019,-0.0026,-0.0005
1.6993,-0.0026,-0.0005
1.6968,-0.0025,-0.0005
1.6940,-0.0028,-0.0006
1.6918,-0.0022,-0.0006
1.6886,-0.0032,-0.0006
1.6868,-0.0017,-0.0006
1.6837,-0.0032,-0.0007
1.6804,-0.0032,-0.0007
1.6774,-0.0030,-0.0007
1.6744,-0.0030,-0.0008
1.6711,-0.0033,-0.0008
1.6679,-0.0032,-0.0008
1.6642,-0.0037,-0.0009
1.6611,-0.0031,-0.0009
1.6581,-0.0030,-0.0009
1.6553,-0.0027,-0.0010
1.6522,-0.0032,-0.0010
1.6496,-0.0026,-0.0010
1.6467,-0.0029,-0.0010
1.6438,-0.0030,-0.0011
1.6410,-0.0027,-0.0011
1.6384,-0.0026,-0.0011
1.6355,-0.0028,-0.0012
1.6323,-0.0033,-0.0012
1.6294,-0.0028,-0.0012
1.6261,-0.0033,-0.0012
1.6228,-0.0034,-0.0013
1.6202,-0.0025,-0.0013
1.6172,-0.0031,-0.0013
1.6140,-0.0032,-0.0014
1.6111,-0.0028,-0.0014
1.6082,-0.0029,-0.0014
1.6049,-0.0033,-0.0015
1.6019,-0.0030,-0.0015
1.5991,-0.0028,-0.0015
1.5960,-0.0032,-0.0015
1.5933,-0.0027,-0.0016
1.5899,-0.0034,-0.0016
1.5873,-0.0027,-0.0016
1.5838,-0.0034,-0.0017
1.5806,-0.0033,-0.0017
1.5775,-0.0030,-0.0017
1.5739,-0.0037,-0.0018
1.5705,-0.0034,-0.0018
1.5672,-0.0032,-0.0018
1.5640,-0.0033,-0.0019
1.5609,-0.0031,-0.0019
1.5583,-0.0026,-0.0019
1.5551,-0.0032,-0.0019
1.5520,-0.0031,-0.0020
1.5490,-0.0030,-0.0020
1.5462,-0.0028,-0.0020
1.5432,-0.0030,-0.0021
1.5399,-0.0033,-0.0021
1.5366,-0.0033,-0.0021
1.5339,-0.0028,-0.0022
1.5304,-0.0035,-0.0022
1.5271,-0.0033,-0.0022
1.5240,-0.0031,-0.0023
1.5214,-0.0025,-0.0023
1.5184,-0.0030,-0.0023
1.5152,-0.0032,-0.0023
1.5120,-0.0032,-0.0024
1.5084,-0.0035,-0.0024
1.5057,-0.0027,-0.0024
1.5025,-0.0032,-0.0025
1.4993,-0.0033,-0.0025
1.4962,-0.0031,-0.0025
1.4928,-0.0034,-0.0026
1.4896,-0.0031,-0.0026
1.4863,-0.0034,-0.0026
1.4836,-0.0027,-0.0027
1.4806,-0.0030,-0.0027
1.4780,-0.0026,-0.0027
1.4758,-0.0022,-0.0027
1.4733,-0.0025,-0.0027
1.4712,-0.0022,-0.0028
1.4692,-0.0019,-0.0028
1.4675,-0.0017,-0.0028
1.4657,-0.0018,-0.0028
1.4637,-0.0020,-0.0028
1.4619,-0.0019,-0.0028
1.4603,-0.0015,-0.0028
1.4587,-0.0016,-0.0028
1.4574,-0.0013,-0.0028
1.4559,-0.0015,-0.0028
1.4545,-0.0014,-0.0028
1.4529,-0.0015,-0.0028
1.4516,-0.0013,-0.0028
1.4509,-0.0007,-0.0028
1.4496,-0.0012,-0.0027
1.4486,-0.0010,-0.0027
1.4478,-0.0008,-0.0027
1.4469,-0.0009,-0.0027
1.4458,-0.0011,-0.0027
1.4449,-0.0009,-0.0027
1.4437,-0.0012,-0.0027
1.4430,-0.0007,-0.0026
1.4424,-0.0006,-0.0026
1.4416,-0.0008,-0.0026
1.4408,-0.0008,-0.0026
1.4403,-0.0005,-0.0026
1.4396,-0.0007,-0.0025
1.4388,-0.0007,-0.0025
1.4383,-0.0005,-0.0025
1.4379,-0.0005,-0.0025
1.4376,-0.0003,-0.0025
1.4370,-0.0005,-0.0024
1.4363,-0.0007,-0.0024
1.4361,-0.0002,-0.0024
1.4357,-0.0004,-0.0024
1.4352,-0.0004,-0.0023
1.4349,-0.0004,-0.0023
1.4345,-0.0004,-0.0023
1.4341,-0.0004,-0.0022
1.4336,-0.0005,-0.0022
1.4332,-0.0004,-0.0022
1.4328,-0.0003,-0.0022
1.4326,-0.0003,-0.0021
1.4322,-0.0004,-0.0021
1.4318,-0.0004,-0.0021
1.4314,-0.0004,-0.0021
1.4312,-0.0001,-0.0020
1.4309,-0.0003,-0.0020
1.4307,-0.0002,-0.0020
1.4305,-0.0003,-0.0020
1.4302,-0.0003,-0.0019
1.4300,-0.0003,-0.0019
1.4299,-0.0001,-0.0019
1.4297,-0.0002,-0.0018
1.4295,-0.0002,-0.0018
1.4293,-0.0002,-0.0018
1.4290,-0.0003,-0.0018
1.4289,-0.0002,-0.0017
1.4287,-0.0002,-0.0017
1.4285,-0.0002,-0.0017
1.4283,-0.0002,-0.0016
1.4282,-0.0001,-0.0016
1.4281,-0.0001,-0.0016
1.4279,-0.0002,-0.0016
1.4277,-0.0002,-0.0015
1.4276,-0.0001,-0.0015
1.4276,0.0000,-0.0015
1.4275,-0.0001,-0.0014
1.4273,-0.0002,-0.0014
1.4272,-0.0001,-0.0014
1.4271,-0.0001,-0.0013
1.4270,-0.0001,-0.0013
1.4268,-0.0002,-0.0013
1.4268,-0.0001,-0.0013
1.4267,-0.0001,-0.0012
1.4266,-0.0001,-0.0012
1.4264,-0.0002,-0.0012
1.4262,-0.0002,-0.0011
1.4262,-0.0001,-0.0011
1.4261,-0.0000,-0.0011
1.4259,-0.0002,-0.0010
1.4257,-0.0002,-0.0010
1.4257,-0.0000,-0.0010
1.4257,-0.0000,-0.0010
1.4256,-0.0001,-0.0009
1.4254,-0.0002,-0.0009
1.4254,-0.0001,-0.0009
1.4253,-0.0001,-0.0008
1.4252,-0.0001,-0.0008
1.4250,-0.0002,-0.0008
1.4250,-0.0000,-0.0007
1.4249,-0.0000,-0.0007
1.4249,-0.0001,-0.0007
1.4247,-0.0001,-0.0006
1.4248,0.0000,-0.0006
1.4247,-0.0000,-0.0006
1.4246,-0.0002,-0.0006
1.4245,-0.0001,-0.0005
1.4245,-0.0000,-0.0005
1.4244,-0.0001,-0.0005
1.4242,-0.0002,-0.0005
1.4241,-0.0001,-0.0005
1.4241,-0.0000,-0.0004
1.4241,-0.0000,-0.0004
1.4239,-0.0002,-0.0004
1.4238,-0.0001,-0.0004
1.4238,0.0001,-0.0004
1.4239,0.0000,-0.0003
1.4237,-0.0002,-0.0003
1.4236,-0.0001,-0.0003
1.4236,-0.0000,-0.0003
1.4237,0.0001,-0.0003
1.4236,-0.0001,-0.0003
1.4235,-0.0001,-0.0003
1.4235,0.0001,-0.0003
1.4236,0.0001,-0.0003
1.4235,-0.0001,-0.0002
1.4234,-0.0001,-0.0002
1.4234,0.0000,-0.0002
1.4235,0.0001,-0.0002
1.4235,-0.0000,-0.0002
1.4233,-0.0001,-0.0002
1.4233,0.0000,-0.0002
1.4233,0.0000,-0.0002
1.4233,-0.0001,-0.0002
1.4233,-0.0000,-0.0002
1.4232,-0.0001,-0.0002
1.4232,0.0000,-0.0002
1.4232,-0.0001,-0.0002
1.4231,-0.0001,-0.0001
1.4231,-0.0000,-0.0001
1.4230,-0.0000,-0.0001
1.4230,-0.0000,-0.0001
1.4230,-0.0000,-0.0001
1.4230,0.0000,-0.0001
1.4230,-0.0000,-0.0001
1.4229,-0.0001,-0.0001
1.4229,-0.0001,-0.0001
1.4229,0.0000,-0.0001
1.4229,-0.0000,-0.0001
1.4228,-0.0001,-0.0001
1.4227,-0.0001,-0.0001
1.4228,0.0000,-0.0001
1.4228,0.0000,-0.0001
1.4231,0.0004,-0.0001
1.4236,0.0004,-0.0001
1.4240,0.0004,-0.0001
1.4243,0.0003,-0.0001
1.4243,0.0001,-0.0001
1.4241,-0.0003,-0.0001
1.4238,-0.0003,-0.0001
1.4236,-0.0001,-0.0001
1.4234,-0.0002,-0.0001
1.4226,-0.0008,-0.0001
1.4214,-0.0012,-0.0001
1.4203,-0.0011,-0.0001
1.4196,-0.0007,-0.0001
1.4190,-0.0006,-0.0001
1.4177,-0.0013,-0.0001
1.4156,-0.0021,-0.0001
1.4138,-0.0018,-0.0001
1.4127,-0.0012,-0.0002
1.4108,-0.0019,-0.0002
1.4094,-0.0014,-0.0002
1.4071,-0.0023,-0.0002
1.4051,-0.0020,-0.0002
1.4033,-0.0018,-0.0002
1.4010,-0.0023,-0.0003
1.3985,-0.0025,-0.0003
1.3962,-0.0023,-0.0003
1.3941,-0.0021,-0.0003
1.3920,-0.0021,-0.0003
1.3892,-0.0028,-0.0004
1.3869,-0.0023,-0.0004
1.3843,-0.0026,-0.0004
1.3820,-0.0023,-0.0004
1.3796,-0.0024,-0.0005
1.3772,-0.0024,-0.0005
1.3746,-0.0026,-0.0005
1.3718,-0.0028,-0.0005
1.3687,-0.0030,-0.0006
1.3659,-0.0028,-0.0006
1.3635,-0.0024,-0.0006
1.3609,-0.0026,-0.0006
1.3582,-0.0027,-0.0007
1.3550,-0.0032,-0.0007
1.3517,-0.0033,-0.0007
1.3492,-0.0025,-0.0008
1.3463,-0.0029,-0.0008
1.3438,-0.0025,-0.0008
1.3412,-0.0026,-0.0008
1.3384,-0.0028,-0.0009
1.3352,-0.0032,-0.0009
1.3327,-0.0025,-0.0009
1.3301,-0.0026,-0.0009
1.3275,-0.0026,-0.0010
1.3245,-0.0030,-0.0010
1.3218,-0.0027,-0.0010
1.3186,-0.0032,-0.0011
1.3164,-0.0022,-0.0011
1.3133,-0.0031,-0.0011
1.3107,-0.0026,-0.0011
1.3082,-0.0025,-0.0012
1.3061,-0.0021,-0.0012
1.3034,-0.0027,-0.0012
1.3012,-0.0022,-0.0012
1.2983,-0.0030,-0.0013
1.2951,-0.0032,-0.0013
1.2919,-0.0032,-0.0013
1.2887,-0.0032,-0.0013
1.2862,-0.0026,-0.0014
1.2830,-0.0031,-0.0014
1.2801,-0.0029,-0.0014
1.2773,-0.0028,-0.0015
1.2740,-0.0033,-0.0015
1.2713,-0.0027,-0.0015
1.2685,-0.0027,-0.0015
1.2654,-0.0031,-0.0016
1.2624,-0.0030,-0.0016
1.2593,-0.0031,-0.0016
1.2566,-0.0027,-0.0017
1.2534,-0.0032,-0.0017
1.2507,-0.0027,-0.0017
1.2482,-0.0026,-0.0018
1.2450,-0.0032,-0.0018
1.2425,-0.0025,-0.0018
1.2397,-0.0028,-0.0018
1.2370,-0.0027,-0.0019
1.2343,-0.0027,-0.0019
1.2314,-0.0029,-0.0019
1.2287,-0.0027,-0.0019
1.2261,-0.0026,-0.0020
1.2231,-0.0029,-0.0020
1.2204,-0.0027,-0.0020
1.2174,-0.0030,-0.0021
1.2149,-0.0026,-0.0021
1.2124,-0.0025,-0.0021
1.2103,-0.0021,-0.0021
1.2074,-0.0029,-0.0022
1.2043,-0.0031,-0.0022
1.2020,-0.0024,-0.0022
1.1994,-0.0026,-0.0022
1.1960,-0.0033,-0.0023
1.1930,-0.0030,-0.0023
1.1902,-0.0028,-0.0023
1.1872,-0.0031,-0.0024
1.1847,-0.0025,-0.0024
1.1811,-0.0035,-0.0024
1.1787,-0.0024,-0.0025
1.1758,-0.0029,-0.0025
1.1733,-0.0025,-0.0025
1.1708,-0.0025,-0.0025
1.1685,-0.0023,-0.0025
1.1666,-0.0020,-0.0026
1.1643,-0.0023,-0.0026
1.1621,-0.0022,-0.0026
1.1604,-0.0017,-0.0026
1.1583,-0.0021,-0.0026
1.1565,-0.0019,-0.0026
1.1546,-0.0018,-0.0026
1.1528,-0.0018,-0.0026
1.1513,-0.0015,-0.0026
1.1500,-0.0013,-0.0026
1.1488,-0.0012,-0.0026
1.1473,-0.0014,-0.0026
1.1463,-0.0010,-0.0026
1.1453,-0.0010,-0.0026
1.1441,-0.0012,-0.0026
1.1427,-0.0014,-0.0026
1.1416,-0.0011,-0.0025
1.1404,-0.0011,-0.0025
1.1393,-0.0012,-0.0025
1.1383,-0.0010,-0.0025
1.1373,-0.0010,-0.0025
1.1363,-0.0011,-0.0025
1.1352,-0.0011,-0.0025
1.1344,-0.0008,-0.0025
1.1336,-0.0008,-0.0024
1.1327,-0.0009,-0.0024
1.1319,-0.0009,-0.0024
1.1312,-0.0006,-0.0024
1.1307,-0.0005,-0.0024
1.1301,-0.0006,-0.0023
1.1294,-0.0007,-0.0023
1.1287,-0.0007,-0.0023
1.1281,-0.0005,-0.0023
1.1276,-0.0005,-0.0022
1.1273,-0.0004,-0.0022
1.1268,-0.0005,-0.0022
1.1264,-0.0004,-0.0022
1.1260,-0.0004,-0.0022
1.1255,-0.0005,-0.0021
1.1250,-0.0005,-0.0021
1.1245,-0.0005,-0.0021
1.1241,-0.0004,-0.0021
1.1237,-0.0004,-0.0020
1.1233,-0.0004,-0.0020
1.1230,-0.0002,-0.0020
1.1227,-0.0003,-0.0020
1.1224,-0.0004,-0.0019
1.1220,-0.0003,-0.0019
1.1217,-0.0003,-0.0019
1.1214,-0.0002,-0.0019
1.1212,-0.0003,-0.0018
1.1208,-0.0004,-0.0018
1.1205,-0.0003,-0.0018
1.1202,-0.0003,-0.0018
1.1199,-0.0003,-0.0018
1.1197,-0.0003,-0.0017
1.1194,-0.0003,-0.0017
1.1192,-0.0002,-0.0017
1.1189,-0.0003,-0.0016
1.1186,-0.0002,-0.0016
1.1184,-0.0002,-0.0016
1.1184,-0.0001,-0.0016
1.1182,-0.0002,-0.0015
1.1179,-0.0002,-0.0015
1.1177,-0.0002,-0.0015
1.1176,-0.0001,-0.0014
1.1175,-0.0001,-0.0014
1.1173,-0.0002,-0.0014
1.1171,-0.0002,-0.0014
1.1171,-0.0000,-0.0013
1.1170,-0.0001,-0.0013
1.1169,-0.0001,-0.0013
1.1167,-0.0002,-0.0013
1.1167,-0.0001,-0.0012
1.1166,-0.0001,-0.0012
1.1165,-0.0001,-0.0012
1.1163,-0.0002,-0.0012
1.1161,-0.0002,-0.0011
1.1160,-0.0001,-0.0011
1.1160,-0.0000,-0.0011
1.1160,-0.0000,-0.0010
1.1158,-0.0001,-0.0010
1.1157,-0.0001,-0.0010
1.1157,-0.0000,-0.0010
1.1155,-0.0001,-0.0009
1.1155,-0.0000,-0.0009
1.1154,-0.0001,-0.0009
1.1153,-0.0001,-0.0009
1.1153,-0.0000,-0.0008
1.1152,-0.0001,-0.0008
1.1152,-0.0001,-0.0008
1.1151,-0.0000,-0.0008
1.1150,-0.0001,-0.0007
1.1149,-0.0001,-0.0007
1.1149,-0.0000,-0.0007
1.1149,-0.0001,-0.0006
1.1148,-0.0001,-0.0006
1.1147,-0.0001,-0.0006
1.1146,-0.0000,-0.0006
1.1146,0.0000,-0.0005
1.1146,-0.0000,-0.0005
1.1146,-0.0000,-0.0005
1.1145,-0.0001,-0.0005
1.1145,-0.0000,-0.0005
1.1144,-0.0000,-0.0004
1.1144,-0.0000,-0.0004
1.1144,-0.0000,-0.0004
1.1143,-0.0001,-0.0004
1.1142,-0.0001,-0.0004
1.1142,-0.0000,-0.0004
1.1142,-0.0000,-0.0003
1.1141,-0.0000,-0.0003
1.1140,-0.0001,-0.0003
1.1140,-0.0000,-0.0003
1.1140,-0.0000,-0.0003
1.1140,0.0000,-0.0003
1.1139,-0.0001,-0.0003
1.1139,-0.0000,-0.0003
1.1138,-0.0000,-0.0003
1.1139,0.0000,-0.0002
1.1138,-0.0001,-0.0002
1.1138,-0.0000,-0.0002
1.1137,-0.0001,-0.0002
1.1137,-0.0000,-0.0002
1.1136,-0.0000,-0.0002
1.1136,0.0000,-0.0002
1.1136,-0.0000,-0.0002
1.1136,-0.0000,-0.0002
1.1135,-0.0001,-0.0002
1.1135,0.0000,-0.0002
1.1135,-0.0000,-0.0002
1.1135,-0.0000,-0.0002
1.1134,-0.0001,-0.0001
1.1135,0.0000,-0.0001
1.1135,0.0000,-0.0001
1.1135,0.0000,-0.0001
1.1134,-0.0000,-0.0001
1.1134,-0.0001,-0.0001
1.1134,-0.0000,-0.0001
1.1134,0.0001,-0.0001
1.1134,-0.0000,-0.0001
1.1134,-0.0000,-0.0001
1.1133,-0.0001,-0.0001
1.1133,0.0000,-0.0001
1.1133,-0.0000,-0.0001
1.1136,0.0003,-0.0001
1.1140,0.0004,-0.0001
1.1143,0.0003,-0.0001
1.1148,0.0004,-0.0001
1.1149,0.0001,-0.0001
1.1151,0.0002,-0.0001
1.1149,-0.0003,-0.0001
1.1148,-0.0001,-0.0001
1.1140,-0.0008,-0.0001
1.1135,-0.0005,-0.0001
1.1124,-0.0010,-0.0001
1.1119,-0.0005,-0.0001
1.1110,-0.0009,-0.0001
1.1104,-0.0007,-0.0001
1.1091,-0.0013,-0.0001
1.1088,-0.0002,-0.0001
1.1073,-0.0015,-0.0001
1.1060,-0.0013,-0.0001
1.1048,-0.0012,-0.0001
1.1033,-0.0014,-0.0001
1.1017,-0.0016,-0.0002
1.1000,-0.0017,-0.0002
1.0985,-0.0015,-0.0002
1.0968,-0.0017,-0.0002
1.0947,-0.0021,-0.0002
1.0932,-0.0015,-0.0002
1.0916,-0.0016,-0.0003
1.0894,-0.0022,-0.0003
1.0876,-0.0017,-0.0003
1.0860,-0.0017,-0.0003
1.0841,-0.0019,-0.0003
1.0812,-0.0029,-0.0004
1.0791,-0.0021,-0.0004
1.0766,-0.0025,-0.0004
1.0749,-0.0017,-0.0004
1.0726,-0.0023,-0.0004
1.0706,-0.0020,-0.0005
1.0687,-0.0019,-0.0005
1.0665,-0.0021,-0.0005
1.0643,-0.0023,-0.0005
1.0620,-0.0023,-0.0005
1.0598,-0.0022,-0.0006
1.0575,-0.0022,-0.0006
1.0559,-0.0016,-0.0006
1.0536,-0.0023,-0.0006
1.0510,-0.0026,-0.0006
1.0494,-0.0016,-0.0007
1.0468,-0.0026,-0.0007
1.0439,-0.0029,-0.0007
1.0416,-0.0023,-0.0007
1.0392,-0.0025,-0.0008
1.0370,-0.0022,-0.0008
1.0337,-0.0032,-0.0008
1.0318,-0.0019,-0.0008
1.0295,-0.0023,-0.0009
1.0269,-0.0026,-0.0009
1.0242,-0.0027,-0.0009
1.0212,-0.0030,-0.0009
1.0191,-0.0021,-0.0010
1.0173,-0.0018,-0.0010
1.0146,-0.0026,-0.0010
1.0121,-0.0025,-0.0010
1.0095,-0.0026,-0.0010
1.0071,-0.0025,-0.0011
1.0045,-0.0025,-0.0011
1.0022,-0.0023,-0.0011
0.9998,-0.0024,-0.0011
0.9974,-0.0025,-0.0012
0.9952,-0.0022,-0.0012
0.9933,-0.0019,-0.0012
0.9915,-0.0018,-0.0012
0.9885,-0.0030,-0.0013
0.9863,-0.0022,-0.0013
0.9839,-0.0024,-0.0013
0.9819,-0.0020,-0.0013
0.9790,-0.0029,-0.0013
0.9760,-0.0030,-0.0014
0.9734,-0.0026,-0.0014
0.9710,-0.0024,-0.0014
0.9691,-0.0019,-0.0014
0.9667,-0.0024,-0.0015
0.9644,-0.0023,-0.0015
0.9618,-0.0025,-0.0015
0.9598,-0.0020,-0.0015
0.9572,-0.0027,-0.0016
0.9548,-0.0024,-0.0016
0.9525,-0.0023,-0.0016
0.9498,-0.0027,-0.0016
0.9477,-0.0021,-0.0017
0.9458,-0.0020,-0.0017
0.9439,-0.0019,-0.0017
0.9410,-0.0029,-0.0017
0.9387,-0.0023,-0.0017
0.9362,-0.0025,-0.0018
0.9343,-0.0019,-0.0018
0.9326,-0.0017,-0.0018
0.9301,-0.0025,-0.0018
0.9276,-0.0025,-0.0019
0.9251,-0.0025,-0.0019
0.9228,-0.0023,-0.0019
0.9190,-0.0038,-0.0019
0.9163,-0.0027,-0.0020
0.9130,-0.0033,-0.0020
0.9100,-0.0030,-0.0020
0.9066,-0.0034,-0.0021
0.9042,-0.0024,-0.0021
0.9017,-0.0026,-0.0021
0.8994,-0.0022,-0.0022
0.8971,-0.0023,-0.0022
0.8946,-0.0025,-0.0022
0.8928,-0.0018,-0.0022
0.8908,-0.0020,-0.0022
0.8889,-0.0020,-0.0022
0.8867,-0.0022,-0.0022
0.8848,-0.0020,-0.0022
0.8829,-0.0019,-0.0023
0.8811,-0.0018,-0.0023
0.8797,-0.0014,-0.0023
0.8783,-0.0015,-0.0023
0.8770,-0.0013,-0.0023
0.8757,-0.0013,-0.0023
0.8743,-0.0014,-0.0023
0.8733,-0.0011,-0.0023
0.8721,-0.0012,-0.0022
0.8708,-0.0013,-0.0022
0.8698,-0.0010,-0.0022
0.8687,-0.0011,-0.0022
0.8676,-0.0011,-0.0022
0.8666,-0.0010,-0.0022
0.8659,-0.0006,-0.0022
0.8650,-0.0009,-0.0022
0.8642,-0.0008,-0.0022
0.8634,-0.0008,-0.0022
0.8626,-0.0008,-0.0021
0.8617,-0.0009,-0.0021
0.8611,-0.0006,-0.0021
0.8603,-0.0007,-0.0021
0.8596,-0.0008,-0.0021
0.8589,-0.0006,-0.0021
0.8582,-0.0007,-0.0021
0.8576,-0.0006,-0.0020
0.8569,-0.0006,-0.0020
0.8563,-0.0006,-0.0020
0.8557,-0.0005,-0.0020
0.8551,-0.0006,-0.0020
0.8547,-0.0005,-0.0020
0.8542,-0.0005,-0.0020
0.8537,-0.0005,-0.0019
0.8533,-0.0004,-0.0019
0.8528,-0.0004,-0.0019
0.8524,-0.0004,-0.0019
0.8520,-0.0004,-0.0018
0.8518,-0.0002,-0.0018
0.8513,-0.0005,-0.0018
0.8509,-0.0004,-0.0018
0.8507,-0.0002,-0.0018
0.8505,-0.0002,-0.0017
0.8502,-0.0003,-0.0017
0.8498,-0.0004,-0.0017
0.8496,-0.0002,-0.0017
0.8495,-0.0002,-0.0017
0.8493,-0.0001,-0.0016
0.8490,-0.0003,-0.0016
0.8487,-0.0003,-0.0016
0.8485,-0.0002,-0.0016
0.8483,-0.0002,-0.0015
0.8480,-0.0003,-0.0015
0.8477,-0.0003,-0.0015
0.8476,-0.0002,-0.0015
0.8474,-0.0002,-0.0015
0.8472,-0.0002,-0.0014
0.8470,-0.0002,-0.0014
0.8469,-0.0000,-0.0014
0.8468,-0.0002,-0.0014
0.8465,-0.0002,-0.0014
0.8464,-0.0001,-0.0013
0.8463,-0.0001,-0.0013
0.8461,-0.0002,-0.0013
0.8459,-0.0002,-0.0013
0.8458,-0.0001,-0.0012
0.8457,-0.0001,-0.0012
0.8456,-0.0001,-0.0012
0.8454,-0.0002,-0.0012
0.8453,-0.0001,-0.0011
0.8452,-0.0001,-0.0011
0.8451,-0.0001,-0.0011
0.8450,-0.0001,-0.0011
0.8449,-0.0001,-0.0010
0.8449,-0.0000,-0.0010
0.8448,-0.0001,-0.0010
0.8447,-0.0001,-0.0010
0.8446,-0.0001,-0.0010
0.8445,-0.0001,-0.0009
0.8444,-0.0001,-0.0009
0.8443,-0.0001,-0.0009
0.8443,-0.0000,-0.0009
0.8443,-0.0000,-0.0009
0.8442,-0.0000,-0.0008
0.8442,-0.0001,-0.0008
0.8441,-0.0001,-0.0008
0.8440,-0.0001,-0.0007
0.8439,-0.0001,-0.0007
0.8438,-0.0001,-0.0007
0.8437,-0.0001,-0.0007
0.8437,-0.0001,-0.0006
0.8437,0.0000,-0.0006
0.8437,-0.0000,-0.0006
0.8436,-0.0001,-0.0006
0.8436,-0.0000,-0.0005
0.8436,0.0000,-0.0005
0.8435,-0.0001,-0.0005
0.8434,-0.0001,-0.0005
0.8435,0.0000,-0.0005
0.8435,0.0000,-0.0004
0.8434,-0.0001,-0.0004
0.8433,-0.0000,-0.0004
0.8433,-0.0000,-0.0004
0.8433,0.0000,-0.0004
0.8432,-0.0001,-0.0004
0.8432,-0.0000,-0.0003
0.8431,-0.0000,-0.0003
0.8431,-0.0000,-0.0003
0.8430,-0.0001,-0.0003
0.8430,-0.0000,-0.0003
0.8430,-0.0000,-0.0003
0.8430,-0.0000,-0.0003
0.8429,-0.0001,-0.0003
0.8429,-0.0000,-0.0002
0.8429,-0.0000,-0.0002
0.8429,0.0000,-0.0002
0.8428,-0.0001,-0.0002
0.8428,-0.0000,-0.0002
0.8428,0.0000,-0.0002
0.8428,-0.0000,-0.0002
0.8428,0.0000,-0.0002
0.8427,-0.0001,-0.0002
0.8427,-0.0000,-0.0002
0.8427,-0.0000,-0.0002
0.8427,-0.0000,-0.0002
0.8426,-0.0000,-0.0002
0.8426,-0.0000,-0.0001
0.8426,-0.0000,-0.0001
0.8426,0.0000,-0.0001
0.8425,-0.0001,-0.0001
0.8425,-0.0000,-0.0001
0.8425,-0.0000,-0.0001
0.8425,0.0000,-0.0001
0.8425,-0.0000,-0.0001
0.8425,-0.0000,-0.0001
0.8424,-0.0000,-0.0001
0.8425,0.0000,-0.0001
0.8424,-0.0000,-0.0001
0.8431,0.0007,-0.0001
0.8438,0.0007,-0.0001
0.8447,0.0009,-0.0001
0.8452,0.0005,-0.0001
0.8462,0.0010,-0.0000
0.8465,0.0004,-0.0000
0.8472,0.0007,-0.0000
0.8471,-0.0001,-0.0000
0.8474,0.0003,-0.0000
0.8471,-0.0003,-0.0000
0.8468,-0.0004,-0.0000
0.8472,0.0005,-0.0000
0.8469,-0.0004,-0.0000
0.8459,-0.0010,-0.0000
0.8452,-0.0007,-0.0000
0.8446,-0.0005,-0.0000
0.8440,-0.0006,-0.0000
0.8435,-0.0006,-0.0000
0.8431,-0.0004,-0.0000
0.8427,-0.0004,-0.0000
0.8415,-0.0012,-0.0001
0.8403,-0.0012,-0.0001
0.8388,-0.0015,-0.0001
0.8377,-0.0011,-0.0001
0.8360,-0.0017,-0.0001
0.8349,-0.0011,-0.0001
0.8337,-0.0011,-0.0001
0.8329,-0.0008,-0.0001
0.8319,-0.0010,-0.0001
0.8306,-0.0013,-0.0001
0.8295,-0.0012,-0.0002
0.8282,-0.0013,-0.0002
0.8267,-0.0015,-0.0002
0.8254,-0.0013,-0.0002
0.8245,-0.0009,-0.0002
0.8228,-0.0017,-0.0002
0.8221,-0.0007,-0.0002
0.8200,-0.0021,-0.0002
0.8182,-0.0018,-0.0003
0.8167,-0.0014,-0.0003
0.8156,-0.0012,-0.0003
0.8138,-0.0018,-0.0003
0.8118,-0.0020,-0.0003
0.8103,-0.0015,-0.0003
0.8090,-0.0013,-0.0004
0.8072,-0.0018,-0.0004
0.8053,-0.0019,-0.0004
0.8029,-0.0024,-0.0004
0.8014,-0.0015,-0.0004
0.7994,-0.0020,-0.0004
0.7976,-0.0019,-0.0005
0.7960,-0.0015,-0.0005
0.7951,-0.0010,-0.0005
0.7934,-0.0017,-0.0005
0.7913,-0.0021,-0.0005
0.7892,-0.0021,-0.0005
0.7881,-0.0011,-0.0006
0.7861,-0.0020,-0.0006
0.7843,-0.0018,-0.0006
0.7833,-0.0010,-0.0006
0.7811,-0.0022,-0.0006
0.7798,-0.0013,-0.0006
0.7780,-0.0018,-0.0007
0.7765,-0.0014,-0.0007
0.7748,-0.0017,-0.0007
0.7735,-0.0013,-0.0007
0.7714,-0.0021,-0.0007
0.7695,-0.0019,-0.0007
0.7683,-0.0012,-0.0007
0.7669,-0.0014,-0.0008
0.7654,-0.0014,-0.0008
0.7628,-0.0027,-0.0008
0.7607,-0.0021,-0.0008
0.7591,-0.0015,-0.0008
0.7574,-0.0017,-0.0009
0.7555,-0.0020,-0.0009
0.7533,-0.0021,-0.0009
0.7504,-0.0030,-0.0009
0.7485,-0.0018,-0.0009
0.7469,-0.0016,-0.0010
0.7446,-0.0023,-0.0010
0.7429,-0.0017,-0.0010
0.7407,-0.0022,-0.0010
0.7387,-0.0021,-0.0010
0.7366,-0.0020,-0.0011
0.7353,-0.0013,-0.0011
0.7339,-0.0014,-0.0011
0.7326,-0.0013,-0.0011
0.7312,-0.0015,-0.0011
0.7297,-0.0015,-0.0011
0.7280,-0.0017,-0.0011
0.7258,-0.0022,-0.0012
0.7238,-0.0020,-0.0012
0.7222,-0.0016,-0.0012
0.7207,-0.0014,-0.0012
0.7191,-0.0017,-0.0012
0.7173,-0.0018,-0.0013
0.7158,-0.0015,-0.0013
0.7139,-0.0019,-0.0013
0.7128,-0.0011,-0.0013
0.7109,-0.0019,-0.0013
0.7083,-0.0026,-0.0014
0.7061,-0.0022,-0.0014
0.7037,-0.0024,-0.0014
0.7012,-0.0025,-0.0014
0.6986,-0.0026,-0.0015
0.6963,-0.0023,-0.0015
0.6939,-0.0024,-0.0015
0.6918,-0.0021,-0.0016
0.6899,-0.0019,-0.0016
0.6880,-0.0019,-0.0016
0.6868,-0.0012,-0.0016
0.6853,-0.0016,-0.0016
0.6839,-0.0014,-0.0016
0.6831,-0.0008,-0.0016
0.6814,-0.0017,-0.0016
0.6805,-0.0009,-0.0016
0.6794,-0.0011,-0.0016
0.6785,-0.0009,-0.0016
0.6772,-0.0013,-0.0017
0.6763,-0.0009,-0.0017
0.6756,-0.0007,-0.0016
0.6748,-0.0008,-0.0016
0.6740,-0.0008,-0.0016
0.6733,-0.0007,-0.0016
0.6723,-0.0010,-0.0016
0.6715,-0.0008,-0.0016
0.6708,-0.0007,-0.0016
0.6701,-0.0007,-0.0016
0.6696,-0.0005,-0.0016
0.6691,-0.0005,-0.0016
0.6685,-0.0006,-0.0016
0.6684,-0.0002,-0.0016
0.6679,-0.0005,-0.0016
0.6674,-0.0005,-0.0016
0.6669,-0.0004,-0.0016
0.6667,-0.0002,-0.0016
0.6662,-0.0004,-0.0015
0.6658,-0.0005,-0.0015
0.6654,-0.0004,-0.0015
0.6651,-0.0003,-0.0015
0.6647,-0.0004,-0.0015
0.6644,-0.0003,-0.0015
0.6642,-0.0002,-0.0015
0.6639,-0.0003,-0.0015
0.6637,-0.0002,-0.0014
0.6634,-0.0002,-0.0014
0.6633,-0.0001,-0.0014
0.6631,-0.0002,-0.0014
0.6630,-0.0001,-0.0014
0.6628,-0.0001,-0.0013
0.6626,-0.0002,-0.0013
0.6625,-0.0001,-0.0013
0.6624,-0.0002,-0.0013
0.6622,-0.0002,-0.0013
0.6621,-0.0000,-0.0013
0.6620,-0.0001,-0.0013
0.6620,-0.0000,-0.0012
0.6619,-0.0001,-0.0012
0.6618,-0.0001,-0.0012
0.6616,-0.0002,-0.0012
0.6615,-0.0001,-0.0012
0.6613,-0.0001,-0.0012
0.6612,-0.0002,-0.0012
0.6611,-0.0001,-0.0011
0.6610,-0.0001,-0.0011
0.6608,-0.0001,-0.0011
0.6608,-0.0000,-0.0011
0.6607,-0.0001,-0.0011
0.6607,0.0000,-0.0011
0.6607,0.0000,-0.0010
0.6606,-0.0001,-0.0010
0.6605,-0.0001,-0.0010
0.6605,-0.0001,-0.0010
0.6604,-0.0001,-0.0010
0.6603,-0.0000,-0.0010
0.6602,-0.0001,-0.0009
0.6602,-0.0001,-0.0009
0.6601,-0.0001,-0.0009
0.6600,-0.0001,-0.0009
0.6600,-0.0001,-0.0008
0.6599,-0.0001,-0.0008
0.6598,-0.0001,-0.0008
0.6598,-0.0001,-0.0008
0.6598,-0.0000,-0.0008
0.6597,-0.0001,-0.0008
0.6597,-0.0000,-0.0007
0.6596,-0.0000,-0.0007
0.6596,-0.0000,-0.0007
0.6595,-0.0000,-0.0007
0.6595,0.0000,-0.0007
0.6595,-0.0000,-0.0007
0.6595,-0.0000,-0.0006
0.6594,-0.0000,-0.0006
0.6594,0.0000,-0.0006
0.6595,0.0000,-0.0006
0.6594,-0.0000,-0.0006
0.6594,-0.0000,-0.0006
0.6594,-0.0000,-0.0005
0.6593,-0.0000,-0.0005
0.6593,-0.0000,-0.0005
0.6593,-0.0000,-0.0005
0.6593,-0.0000,-0.0005
0.6592,-0.0000,-0.0004
0.6592,-0.0000,-0.0004
0.6592,-0.0000,-0.0004
0.6592,-0.0000,-0.0004
0.6592,-0.0000,-0.0003
0.6591,-0.0000,-0.0003
0.6591,-0.0000,-0.0003
0.6591,-0.0000,-0.0003
0.6591,-0.0000,-0.0003
0.6591,-0.0000,-0.0003
0.6591,-0.0000,-0.0002
0.6591,0.0000,-0.0002
0.6591,-0.0000,-0.0002
0.6591,-0.0000,-0.0002
0.6591,-0.0000,-0.0002
0.6591,-0.0000,-0.0002
0.6590,-0.0000,-0.0002
0.6590,-0.0000,-0.0002
0.6591,0.0000,-0.0002
0.6591,-0.0000,-0.0002
0.6590,-0.0000,-0.0001
0.6590,-0.0000,-0.0001
0.6590,-0.0000,-0.0001
0.6590,-0.0000,-0.0001
0.6590,-0.0000,-0.0001
0.6590,-0.0000,-0.0001
0.6590,-0.0000,-0.0001
0.6590,-0.0000,-0.0001
0.6590,-0.0000,-0.0001
