mass,mass_balance,mass_balance_trend
0.0000,0.0000,0.0000
0.1248,0.1248,0.0624
0.2477,0.1230,0.0826
0.3689,0.1212,0.0922
0.4885,0.1195,0.0977
0.6064,0.1179,0.1011
0.7226,0.1162,0.1032
0.8371,0.1145,0.1046
0.9496,0.1125,0.1055
1.0597,0.1101,0.1060
1.1676,0.1079,0.1061
1.2725,0.1049,0.1060
1.3736,0.1012,0.1057
1.4711,0.0975,0.1051
1.5646,0.0935,0.1043
1.6538,0.0892,0.1034
1.7385,0.0847,0.1023
1.8183,0.0798,0.1010
1.8946,0.0763,0.0997
1.9662,0.0716,0.0983
2.0339,0.0676,0.0969
2.0981,0.0642,0.0954
2.1580,0.0600,0.0938
2.2148,0.0567,0.0923
2.2690,0.0542,0.0908
2.3200,0.0510,0.0892
2.3678,0.0478,0.0877
2.4131,0.0453,0.0862
2.4570,0.0439,0.0847
2.4983,0.0413,0.0833
2.5370,0.0387,0.0818
2.5737,0.0368,0.0804
2.6092,0.0354,0.0791
2.6429,0.0338,0.0777
2.6745,0.0315,0.0764
2.7050,0.0305,0.0751
2.7351,0.0302,0.0739
2.7639,0.0288,0.0727
2.7910,0.0271,0.0716
2.8177,0.0267,0.0704
2.8431,0.0253,0.0693
2.8675,0.0245,0.0683
2.8913,0.0238,0.0672
2.9146,0.0233,0.0662
2.9373,0.0227,0.0653
2.9595,0.0222,0.0643
2.9804,0.0209,0.0634
3.0014,0.0210,0.0625
3.0216,0.0203,0.0617
3.0413,0.0196,0.0608
3.0607,0.0194,0.0600
3.0790,0.0183,0.0592
3.0981,0.0191,0.0585
3.1164,0.0183,0.0577
3.1338,0.0174,0.0570
3.1511,0.0173,0.0563
3.1682,0.0171,0.0556
3.1847,0.0165,0.0549
3.2010,0.0163,0.0543
3.2169,0.0160,0.0536
3.2323,0.0153,0.0530
3.2477,0.0154,0.0524
3.2614,0.0137,0.0518
3.2756,0.0142,0.0512
3.2895,0.0138,0.0506
3.3036,0.0142,0.0501
3.3174,0.0137,0.0495
3.3305,0.0132,0.0490
3.3444,0.0139,0.0485
3.3575,0.0132,0.0480
3.3701,0.0126,0.0475
3.3826,0.0125,0.0470
3.3944,0.0117,0.0465
3.4064,0.0120,0.0460
3.4180,0.0116,0.0456
3.4294,0.0113,0.0451
3.4409,0.0115,0.0447
3.4525,0.0117,0.0443
3.4633,0.0108,0.0438
3.4740,0.0106,0.0434
3.4841,0.0102,0.0430
3.4947,0.0106,0.0426
3.5043,0.0096,0.0422
3.5138,0.0095,0.0418
3.5236,0.0098,0.0415
3.5332,0.0096,0.0411
3.5419,0.0087,0.0407
3.5505,0.0086,0.0403
3.5592,0.0087,0.0400
3.5679,0.0087,0.0396
3.5763,0.0084,0.0393
3.5845,0.0082,0.0390
3.5928,0.0082,0.0386
3.6015,0.0087,0.0383
3.6095,0.0080,0.0380
3.6172,0.0078,0.0377
3.6244,0.0072,0.0374
3.6317,0.0073,0.0371
3.6392,0.0075,0.0368
3.6463,0.0071,0.0365
3.6534,0.0071,0.0365
3.6604,0.0070,0.0354
3.6672,0.0068,0.0342
3.6730,0.0058,0.0330
3.6791,0.0060,0.0319
3.6855,0.0064,0.0308
3.6918,0.0063,0.0297
3.6975,0.0057,0.0286
3.7035,0.0060,0.0275
3.7096,0.0061,0.0265
3.7156,0.0060,0.0255
3.7209,0.0053,0.0245
3.7263,0.0054,0.0235
3.7320,0.0057,0.0226
3.7375,0.0055,0.0217
3.7424,0.0049,0.0209
3.7475,0.0051,0.0201
3.7529,0.0054,0.0193
3.7576,0.0047,0.0186
3.7625,0.0049,0.0180
3.7674,0.0049,0.0173
3.7725,0.0052,0.0167
3.7778,0.0052,0.0162
3.7826,0.0049,0.0157
3.7870,0.0043,0.0152
3.7918,0.0048,0.0147
3.7961,0.0043,0.0143
3.8004,0.0043,0.0139
3.8044,0.0040,0.0135
3.8089,0.0045,0.0131
3.8133,0.0045,0.0128
3.8173,0.0039,0.0124
3.8214,0.0041,0.0121
3.8256,0.0042,0.0118
3.8300,0.0044,0.0116
3.8339,0.0038,0.0113
3.8375,0.0037,0.0110
3.8418,0.0043,0.0108
3.8459,0.0041,0.0105
3.8499,0.0040,0.0103
3.8535,0.0036,0.0101
3.8578,0.0043,0.0099
3.8614,0.0036,0.0097
3.8649,0.0035,0.0095
3.8683,0.0034,0.0093
3.8723,0.0040,0.0091
3.8758,0.0034,0.0090
3.8791,0.0033,0.0088
3.8818,0.0027,0.0086
3.8856,0.0038,0.0084
3.8890,0.0033,0.0083
3.8925,0.0036,0.0081
3.8953,0.0028,0.0080
3.8985,0.0032,0.0078
3.9016,0.0031,0.0077
3.9044,0.0029,0.0075
3.9070,0.0026,0.0074
3.9100,0.0029,0.0073
3.9128,0.0028,0.0071
3.9157,0.0029,0.0070
3.9181,0.0024,0.0069
3.9210,0.0029,0.0067
3.9235,0.0025,0.0066
3.9258,0.0023,0.0065
3.9275,0.0017,0.0064
3.9298,0.0024,0.0063
3.9323,0.0025,0.0061
3.9347,0.0024,0.0060
3.9372,0.0025,0.0059
3.9400,0.0028,0.0058
3.9427,0.0027,0.0057
3.9457,0.0031,0.0056
3.9478,0.0020,0.0055
3.9505,0.0028,0.0054
3.9533,0.0027,0.0054
3.9557,0.0025,0.0053
3.9581,0.0024,0.0052
3.9604,0.0023,0.0051
3.9627,0.0023,0.0050
3.9653,0.0025,0.0049
3.9670,0.0018,0.0048
3.9698,0.0028,0.0048
3.9719,0.0021,0.0047
3.9745,0.0026,0.0046
3.9762,0.0017,0.0045
3.9783,0.0022,0.0045
3.9806,0.0023,0.0044
3.9826,0.0019,0.0043
3.9837,0.0011,0.0042
3.9858,0.0021,0.0042
3.9875,0.0017,0.0041
3.9895,0.0020,0.0040
3.9908,0.0014,0.0040
3.9928,0.0019,0.0039
3.9947,0.0019,0.0039
3.9967,0.0020,0.0038
3.9984,0.0017,0.0037
3.9999,0.0016,0.0037
4.0019,0.0020,0.0036
4.0039,0.0019,0.0036
4.0051,0.0012,0.0035
4.0071,0.0020,0.0035
4.0084,0.0013,0.0034
4.0102,0.0018,0.0034
4.0115,0.0014,0.0033
4.0131,0.0016,0.0033
4.0150,0.0018,0.0032
4.0171,0.0021,0.0032
4.0182,0.0011,0.0031
4.0199,0.0017,0.0031
4.0215,0.0016,0.0031
4.0233,0.0019,0.0030
4.0246,0.0012,0.0030
4.0261,0.0015,0.0029
4.0274,0.0013,0.0029
4.0290,0.0016,0.0029
4.0300,0.0010,0.0028
4.0316,0.0016,0.0028
4.0333,0.0016,0.0028
4.0353,0.0020,0.0027
4.0359,0.0007,0.0027
4.0376,0.0017,0.0027
4.0387,0.0010,0.0026
4.0403,0.0016,0.0026
4.0408,0.0005,0.0025
4.0420,0.0011,0.0025
4.0431,0.0011,0.0025
4.0443,0.0012,0.0024
4.0447,0.0004,0.0024
4.0457,0.0010,0.0024
4.0466,0.0009,0.0023
4.0486,0.0020,0.0023
4.0491,0.0005,0.0023
4.0501,0.0010,0.0022
4.0511,0.0010,0.0022
4.0522,0.0011,0.0022
4.0526,0.0005,0.0022
4.0536,0.0009,0.0021
4.0540,0.0005,0.0021
4.0556,0.0016,0.0021
4.0559,0.0002,0.0020
4.0569,0.0010,0.0020
4.0576,0.0007,0.0020
4.0592,0.0015,0.0019
4.0600,0.0008,0.0019
4.0607,0.0008,0.0019
4.0620,0.0012,0.0019
4.0637,0.0017,0.0018
4.0639,0.0003,0.0018
4.0652,0.0013,0.0018
4.0653,0.0001,0.0018
4.0668,0.0015,0.0017
4.0672,0.0005,0.0017
4.0680,0.0008,0.0017
4.0685,0.0005,0.0017
4.0700,0.0016,0.0017
4.0705,0.0005,0.0016
4.0714,0.0009,0.0016
4.0716,0.0002,0.0016
4.0730,0.0014,0.0016
4.0732,0.0002,0.0016
4.0741,0.0009,0.0015
4.0744,0.0003,0.0015
4.0758,0.0014,0.0015
4.0765,0.0007,0.0015
4.0775,0.0009,0.0015
4.0777,0.0003,0.0015
4.0791,0.0014,0.0014
4.0796,0.0004,0.0014
4.0806,0.0010,0.0014
4.0807,0.0001,0.0014
4.0819,0.0012,0.0014
4.0821,0.0002,0.0013
4.0829,0.0008,0.0013
4.0827,-0.0002,0.0013
4.0831,0.0004,0.0013
4.0836,0.0005,0.0013
4.0846,0.0009,0.0012
4.0848,0.0002,0.0012
4.0859,0.0011,0.0012
4.0864,0.0005,0.0012
4.0873,0.0009,0.0012
4.0874,0.0002,0.0012
4.0879,0.0005,0.0011
4.0883,0.0004,0.0011
4.0889,0.0006,0.0011
4.0890,0.0000,0.0011
4.0895,0.0005,0.0011
4.0900,0.0005,0.0011
4.0905,0.0006,0.0010
4.0905,-0.0001,0.0010
4.0912,0.0008,0.0010
4.0915,0.0003,0.0010
4.0922,0.0007,0.0010
4.0923,0.0001,0.0010
4.0925,0.0002,0.0010
4.0929,0.0003,0.0009
4.0932,0.0003,0.0009
4.0928,-0.0004,0.0009
4.0932,0.0004,0.0009
4.0936,0.0004,0.0009
4.0942,0.0006,0.0009
4.0944,0.0002,0.0009
4.0947,0.0004,0.0008
4.0951,0.0003,0.0008
4.0955,0.0004,0.0008
4.0954,-0.0000,0.0008
4.0960,0.0006,0.0008
4.0963,0.0003,0.0008
4.0968,0.0004,0.0008
4.0969,0.0002,0.0008
4.0970,0.0001,0.0007
4.0973,0.0002,0.0007
4.0979,0.0007,0.0007
4.0981,0.0001,0.0007
4.0985,0.0005,0.0007
4.0988,0.0002,0.0007
4.0990,0.0003,0.0007
4.0987,-0.0004,0.0007
4.0992,0.0006,0.0006
4.0992,-0.0000,0.0006
4.0995,0.0002,0.0006
4.0992,-0.0003,0.0006
4.0994,0.0002,0.0006
4.0998,0.0004,0.0006
4.1005,0.0006,0.0006
4.1006,0.0001,0.0006
4.1009,0.0003,0.0006
4.1014,0.0005,0.0006
4.1017,0.0003,0.0006
4.1016,-0.0001,0.0005
4.1017,0.0001,0.0005
4.1016,-0.0001,0.0005
4.1020,0.0004,0.0005
4.1021,0.0000,0.0005
4.1020,-0.0001,0.0005
4.1024,0.0004,0.0005
4.1029,0.0005,0.0005
4.1027,-0.0002,0.0005
4.1030,0.0003,0.0005
4.1031,0.0001,0.0005
4.1036,0.0005,0.0005
4.1034,-0.0002,0.0005
4.1037,0.0003,0.0004
4.1037,0.0000,0.0004
4.1039,0.0002,0.0004
4.1035,-0.0004,0.0004
4.1036,0.0001,0.0004
4.1034,-0.0001,0.0004
4.1041,0.0006,0.0004
4.1038,-0.0003,0.0004
4.1042,0.0004,0.0004
4.1043,0.0002,0.0004
4.1048,0.0005,0.0004
4.1046,-0.0003,0.0004
4.1045,-0.0001,0.0003
4.1043,-0.0001,0.0003
4.1046,0.0003,0.0003
4.1045,-0.0001,0.0003
4.1045,0.0000,0.0003
4.1042,-0.0003,0.0003
4.1048,0.0006,0.0003
4.1049,0.0000,0.0003
4.1051,0.0002,0.0003
4.1049,-0.0001,0.0003
4.1051,0.0002,0.0003
4.1051,0.0000,0.0003
4.1052,0.0001,0.0003
4.1053,0.0002,0.0003
4.1056,0.0002,0.0002
4.1056,0.0000,0.0002
4.1056,0.0000,0.0002
4.1054,-0.0003,0.0002
4.1058,0.0005,0.0002
4.1059,0.0001,0.0002
4.1059,-0.0000,0.0002
4.1058,-0.0000,0.0002
4.1061,0.0002,0.0002
4.1060,-0.0001,0.0002
4.1060,0.0000,0.0002
4.1054,-0.0006,0.0002
4.1057,0.0003,0.0002
4.1057,0.0000,0.0002
4.1054,-0.0003,0.0002
4.1051,-0.0003,0.0002
4.1057,0.0005,0.0002
4.1057,0.0000,0.0002
4.1059,0.0002,0.0002
4.1057,-0.0002,0.0002
4.1061,0.0004,0.0002
4.1059,-0.0002,0.0002
4.1062,0.0002,0.0001
4.1059,-0.0003,0.0001
4.1060,0.0001,0.0001
4.1057,-0.0003,0.0001
4.1056,-0.0001,0.0001
4.1056,-0.0000,0.0001
4.1062,0.0006,0.0001
4.1064,0.0001,0.0001
4.1068,0.0004,0.0001
4.1065,-0.0003,0.0001
4.1067,0.0003,0.0001
4.1069,0.0001,0.0001
4.1069,0.0000,0.0001
4.1064,-0.0005,0.0001
4.1068,0.0004,0.0001
4.1068,-0.0000,0.0001
4.1069,0.0001,0.0001
4.1066,-0.0003,0.0001
4.1072,0.0006,0.0001
4.1074,0.0001,0.0001
4.1076,0.0003,0.0001
4.1074,-0.0002,0.0001
4.1076,0.0002,0.0001
